STAT:00	00201310180003	000000000300	000000000248	000000000000	000000000052	20131018154458	3	                                        
LISTNUM:000000000248
LIST:00	00201310180003	0100	0000000000	0000000000000676	0000000000000676	049B72A9500000      	20131018152758	000000001200	20131021	0000000000000000	00	00	00000000	000	00	00	000
LIST:00	00201310180003	0100	0000000000	0000000000000677	0000000000000677	04B7B3A7500000      	20131018152833	000000001200	20131021	0000000000000000	00	00	00000000	000	00	00	000
LIST:00	00201310180003	0100	0000000000	0000000000000678	0000000000000678	04814D8D500000      	20131018152833	000000001200	20131021	0000000000000000	00	00	00000000	000	00	00	000
LIST:00	00201310180003	0100	0000000000	0000000000000679	0000000000000679	04C3FE8C500000      	20131018152858	000000001200	20131021	0000000000000000	00	00	00000000	000	00	00	000
LIST:00	00201310180003	0100	0000000000	0000000000000680	0000000000000680	0414168D500000      	20131018152907	000000001200	20131021	0000000000000000	00	00	00000000	000	00	00	000
LIST:00	00201310180003	0100	0000000000	0000000000000683	0000000000000683	04FC1C8D500000      	20131018152952	000000001200	20131021	0000000000000000	00	00	00000000	000	00	00	000
LIST:00	00201310180003	0100	0000000000	0000000000000684	0000000000000684	04AB418D500000      	20131018152952	000000001200	20131021	0000000000000000	00	00	00000000	000	00	00	000
LIST:00	00201310180003	0100	0000000000	0000000000000682	0000000000000682	0432A68A500000      	20131018152953	000000001200	20131021	0000000000000000	00	00	00000000	000	00	00	000
LIST:00	00201310180003	0100	0000000000	0000000000000687	0000000000000687	0482328D500000      	20131018152957	000000001200	20131021	0000000000000000	00	00	00000000	000	00	00	000
LIST:00	00201310180003	0100	0000000000	0000000000000686	0000000000000686	044A6D8D500000      	20131018152957	000000001200	20131021	0000000000000000	00	00	00000000	000	00	00	000
LIST:00	00201310180003	0100	0000000000	0000000000000685	0000000000000685	04EBBF8A500000      	20131018152958	000000001200	20131021	0000000000000000	00	00	00000000	000	00	00	000
LIST:00	00201310180003	0100	0000000000	0000000000000688	0000000000000688	041752A8500000      	20131018152959	000000001200	20131021	0000000000000000	00	00	00000000	000	00	00	000
LIST:00	00201310180003	0100	0000000000	0000000000000689	0000000000000689	046B49A8500000      	20131018153000	000000001200	20131021	0000000000000000	00	00	00000000	000	00	00	000
LIST:00	00201310180003	0100	0000000000	0000000000000690	0000000000000690	04B66BA8500000      	20131018153000	000000001200	20131021	0000000000000000	00	00	00000000	000	00	00	000
LIST:00	00201310180003	0100	0000000000	0000000000000691	0000000000000691	045DE8A8500000      	20131018153002	000000001200	20131021	0000000000000000	00	00	00000000	000	00	00	000
LIST:00	00201310180003	0100	0000000000	0000000000000693	0000000000000693	041807A9500000      	20131018153003	000000001200	20131021	0000000000000000	00	00	00000000	000	00	00	000
LIST:00	00201310180003	0100	0000000000	0000000000000694	0000000000000694	040E15A9500000      	20131018153005	000000001200	20131021	0000000000000000	00	00	00000000	000	00	00	000
LIST:00	00201310180003	0100	0000000000	0000000000000695	0000000000000695	0469B6A7500000      	20131018153005	000000001200	20131021	0000000000000000	00	00	00000000	000	00	00	000
LIST:00	00201310180003	0100	0000000000	0000000000000696	0000000000000696	04AF298D500000      	20131018153006	000000001200	20131021	0000000000000000	00	00	00000000	000	00	00	000
LIST:00	00201310180003	0100	0000000000	0000000000000697	0000000000000697	040F09A9500000      	20131018153007	000000001200	20131021	0000000000000000	00	00	00000000	000	00	00	000
LIST:00	00201310180003	0100	0000000000	0000000000000699	0000000000000699	04D538A9500000      	20131018153008	000000001200	20131021	0000000000000000	00	00	00000000	000	00	00	000
LIST:00	00201310180003	0100	0000000000	0000000000000700	0000000000000700	042827A9500000      	20131018153010	000000001200	20131021	0000000000000000	00	00	00000000	000	00	00	000
LIST:00	00201310180003	0100	0000000000	0000000000000701	0000000000000701	046D058D500000      	20131018153010	000000001200	20131021	0000000000000000	00	00	00000000	000	00	00	000
LIST:00	00201310180003	0100	0000000000	0000000000000702	0000000000000702	043C06A8500000      	20131018153011	000000001200	20131021	0000000000000000	00	00	00000000	000	00	00	000
LIST:00	00201310180003	0100	0000000000	0000000000000704	0000000000000704	041401A8500000      	20131018153013	000000001200	20131021	0000000000000000	00	00	00000000	000	00	00	000
LIST:00	00201310180003	0100	0000000000	0000000000000706	0000000000000706	048E0E8D500000      	20131018153015	000000001200	20131021	0000000000000000	00	00	00000000	000	00	00	000
LIST:00	00201310180003	0100	0000000000	0000000000000710	0000000000000710	046B9AA8500000      	20131018153017	000000001200	20131021	0000000000000000	00	00	00000000	000	00	00	000
LIST:00	00201310180003	0100	0000000000	0000000000000712	0000000000000712	04993F8D500000      	20131018153019	000000001200	20131021	0000000000000000	00	00	00000000	000	00	00	000
LIST:00	00201310180003	0100	0000000000	0000000000000714	0000000000000714	0419378D500000      	20131018153019	000000001200	20131021	0000000000000000	00	00	00000000	000	00	00	000
LIST:00	00201310180003	0100	0000000000	0000000000000716	0000000000000716	040707A9500000      	20131018153021	000000001200	20131021	0000000000000000	00	00	00000000	000	00	00	000
LIST:00	00201310180003	0100	0000000000	0000000000000719	0000000000000719	049E98A7500000      	20131018153023	000000001200	20131021	0000000000000000	00	00	00000000	000	00	00	000
LIST:00	00201310180003	0100	0000000000	0000000000000721	0000000000000721	04DB2F8D500000      	20131018153149	000000001200	20131021	0000000000000000	00	00	00000000	000	00	00	000
LIST:00	00201310180003	0100	0000000000	0000000000000723	0000000000000723	04F965A8500000      	20131018153217	000000001200	20131021	0000000000000000	00	00	00000000	000	00	00	000
LIST:00	00201310180003	0100	0000000000	0000000000000722	0000000000000722	04332B8D500000      	20131018153218	000000001200	20131021	0000000000000000	00	00	00000000	000	00	00	000
LIST:00	00201310180003	0100	0000000000	0000000000000726	0000000000000726	042D73A8500000      	20131018153403	000000001200	20131021	0000000000000000	00	00	00000000	000	00	00	000
LIST:00	00201310180003	0100	0000000000	0000000000000725	0000000000000725	04496C8D500000      	20131018153403	000000001200	20131021	0000000000000000	00	00	00000000	000	00	00	000
LIST:00	00201310180003	0100	0000000000	0000000000000724	0000000000000724	04AB2C8D500000      	20131018153404	000000001200	20131021	0000000000000000	00	00	00000000	000	00	00	000
LIST:00	00201310180003	0100	0000000000	0000000000000727	0000000000000727	047D7861232580      	20131018153406	000000001200	20131021	0000000000000000	00	00	00000000	000	00	00	000
LIST:00	00201310180003	0100	0000000000	0000000000000729	0000000000000729	049C8DA8500000      	20131018153406	000000001200	20131021	0000000000000000	00	00	00000000	000	00	00	000
LIST:00	00201310180003	0100	0000000000	0000000000000728	0000000000000728	049A1FA9500000      	20131018153407	000000001200	20131021	0000000000000000	00	00	00000000	000	00	00	000
LIST:00	00201310180003	0100	0000000000	0000000000000731	0000000000000731	0472A28A500000      	20131018153409	000000001200	20131021	0000000000000000	00	00	00000000	000	00	00	000
LIST:00	00201310180003	0100	0000000000	0000000000000730	0000000000000730	04B33E8D500000      	20131018153410	000000001200	20131021	0000000000000000	00	00	00000000	000	00	00	000
LIST:00	00201310180003	0100	0000000000	0000000000000733	0000000000000733	0443B6A7500000      	20131018153412	000000001200	20131021	0000000000000000	00	00	00000000	000	00	00	000
LIST:00	00201310180003	0100	0000000000	0000000000000734	0000000000000734	0445DD8A500000      	20131018153413	000000001200	20131021	0000000000000000	00	00	00000000	000	00	00	000
LIST:00	00201310180003	0100	0000000000	0000000000000735	0000000000000735	0435D0A7500000      	20131018153413	000000001200	20131021	0000000000000000	00	00	00000000	000	00	00	000
LIST:00	00201310180003	0100	0000000000	0000000000000736	0000000000000736	0411EAA7500000      	20131018153415	000000001200	20131021	0000000000000000	00	00	00000000	000	00	00	000
LIST:00	00201310180003	0100	0000000000	0000000000000738	0000000000000738	049073A9500000      	20131018153416	000000001200	20131021	0000000000000000	00	00	00000000	000	00	00	000
LIST:00	00201310180003	0100	0000000000	0000000000000739	0000000000000739	04485AA8500000      	20131018153418	000000001200	20131021	0000000000000000	00	00	00000000	000	00	00	000
LIST:00	00201310180003	0100	0000000000	0000000000000741	0000000000000741	046EBE8A500000      	20131018153419	000000001200	20131021	0000000000000000	00	00	00000000	000	00	00	000
LIST:00	00201310180003	0100	0000000000	0000000000000740	0000000000000740	0452A2A8500000      	20131018153419	000000001200	20131021	0000000000000000	00	00	00000000	000	00	00	000
LIST:00	00201310180003	0100	0000000000	0000000000000742	0000000000000742	0426B3A7500000      	20131018153421	000000001200	20131021	0000000000000000	00	00	00000000	000	00	00	000
LIST:00	00201310180003	0100	0000000000	0000000000000744	0000000000000744	043A88A7500000      	20131018153422	000000001200	20131021	0000000000000000	00	00	00000000	000	00	00	000
LIST:00	00201310180003	0100	0000000000	0000000000000743	0000000000000743	04BD6B61232580      	20131018153422	000000001200	20131021	0000000000000000	00	00	00000000	000	00	00	000
LIST:00	00201310180003	0100	0000000000	0000000000000745	0000000000000745	0453A4A7500000      	20131018153425	000000001200	20131021	0000000000000000	00	00	00000000	000	00	00	000
LIST:00	00201310180003	0100	0000000000	0000000000000747	0000000000000747	04A2E0A8500000      	20131018153425	000000001200	20131021	0000000000000000	00	00	00000000	000	00	00	000
LIST:00	00201310180003	0100	0000000000	0000000000000746	0000000000000746	040F74A7500000      	20131018153425	000000001200	20131021	0000000000000000	00	00	00000000	000	00	00	000
LIST:00	00201310180003	0100	0000000000	0000000000000748	0000000000000748	04E6328D500000      	20131018153428	000000001200	20131021	0000000000000000	00	00	00000000	000	00	00	000
LIST:00	00201310180003	0100	0000000000	0000000000000749	0000000000000749	04AAA38A500000      	20131018153429	000000001200	20131021	0000000000000000	00	00	00000000	000	00	00	000
LIST:00	00201310180003	0100	0000000000	0000000000000751	0000000000000751	0480328D500000      	20131018153432	000000001200	20131021	0000000000000000	00	00	00000000	000	00	00	000
LIST:00	00201310180003	0100	0000000000	0000000000000753	0000000000000753	048348A7500000      	20131018153432	000000001200	20131021	0000000000000000	00	00	00000000	000	00	00	000
LIST:00	00201310180003	0100	0000000000	0000000000000752	0000000000000752	041301A8500000      	20131018153433	000000001200	20131021	0000000000000000	00	00	00000000	000	00	00	000
LIST:00	00201310180003	0100	0000000000	0000000000000754	0000000000000754	041C6EA8500000      	20131018153435	000000001200	20131021	0000000000000000	00	00	00000000	000	00	00	000
LIST:00	00201310180003	0100	0000000000	0000000000000756	0000000000000756	04E4B58A500000      	20131018153435	000000001200	20131021	0000000000000000	00	00	00000000	000	00	00	000
LIST:00	00201310180003	0100	0000000000	0000000000000755	0000000000000755	04C3508D500000      	20131018153436	000000001200	20131021	0000000000000000	00	00	00000000	000	00	00	000
LIST:00	00201310180003	0100	0000000000	0000000000000757	0000000000000757	049C208D500000      	20131018153438	000000001200	20131021	0000000000000000	00	00	00000000	000	00	00	000
LIST:00	00201310180003	0100	0000000000	0000000000000759	0000000000000759	0440A169232580      	20131018153439	000000001200	20131021	0000000000000000	00	00	00000000	000	00	00	000
LIST:00	00201310180003	0100	0000000000	0000000000000758	0000000000000758	047CB6A7500000      	20131018153439	000000001200	20131021	0000000000000000	00	00	00000000	000	00	00	000
LIST:00	00201310180003	0100	0000000000	0000000000000760	0000000000000760	04065CA9500000      	20131018153441	000000001200	20131021	0000000000000000	00	00	00000000	000	00	00	000
LIST:00	00201310180003	0100	0000000000	0000000000000762	0000000000000762	047A6BA8500000      	20131018153442	000000001200	20131021	0000000000000000	00	00	00000000	000	00	00	000
LIST:00	00201310180003	0100	0000000000	0000000000000764	0000000000000764	04A15FA8500000      	20131018153444	000000001200	20131021	0000000000000000	00	00	00000000	000	00	00	000
LIST:00	00201310180003	0100	0000000000	0000000000000765	0000000000000765	040DA7A8500000      	20131018153445	000000001200	20131021	0000000000000000	00	00	00000000	000	00	00	000
LIST:00	00201310180003	0100	0000000000	0000000000000763	0000000000000763	042513A8500000      	20131018153445	000000001200	20131021	0000000000000000	00	00	00000000	000	00	00	000
LIST:00	00201310180003	0100	0000000000	0000000000000766	0000000000000766	0400FEA8500000      	20131018153447	000000001200	20131021	0000000000000000	00	00	00000000	000	00	00	000
LIST:00	00201310180003	0100	0000000000	0000000000000767	0000000000000767	04CBF7A7500000      	20131018153448	000000001200	20131021	0000000000000000	00	00	00000000	000	00	00	000
LIST:00	00201310180003	0100	0000000000	0000000000000769	0000000000000769	04237CA8500000      	20131018153450	000000001200	20131021	0000000000000000	00	00	00000000	000	00	00	000
LIST:00	00201310180003	0100	0000000000	0000000000000771	0000000000000771	04F570A9500000      	20131018153451	000000001200	20131021	0000000000000000	00	00	00000000	000	00	00	000
LIST:00	00201310180003	0100	0000000000	0000000000000770	0000000000000770	047C00A8500000      	20131018153451	000000001200	20131021	0000000000000000	00	00	00000000	000	00	00	000
LIST:00	00201310180003	0100	0000000000	0000000000000772	0000000000000772	04AFD0A7500000      	20131018153454	000000001200	20131021	0000000000000000	00	00	00000000	000	00	00	000
LIST:00	00201310180003	0100	0000000000	0000000000000773	0000000000000773	04C6F28C500000      	20131018153455	000000001200	20131021	0000000000000000	00	00	00000000	000	00	00	000
LIST:00	00201310180003	0100	0000000000	0000000000000776	0000000000000776	044F4D8D500000      	20131018153457	000000001200	20131021	0000000000000000	00	00	00000000	000	00	00	000
LIST:00	00201310180003	0100	0000000000	0000000000000777	0000000000000777	04EAFEA7500000      	20131018153457	000000001200	20131021	0000000000000000	00	00	00000000	000	00	00	000
LIST:00	00201310180003	0100	0000000000	0000000000000775	0000000000000775	04AE7BA7500000      	20131018153457	000000001200	20131021	0000000000000000	00	00	00000000	000	00	00	000
LIST:00	00201310180003	0100	0000000000	0000000000000778	0000000000000778	04B855A9500000      	20131018153500	000000001200	20131021	0000000000000000	00	00	00000000	000	00	00	000
LIST:00	00201310180003	0100	0000000000	0000000000000779	0000000000000779	0493098D500000      	20131018153501	000000001200	20131021	0000000000000000	00	00	00000000	000	00	00	000
LIST:00	00201310180003	0100	0000000000	0000000000000781	0000000000000781	04CFE2A8500000      	20131018153503	000000001200	20131021	0000000000000000	00	00	00000000	000	00	00	000
LIST:00	00201310180003	0100	0000000000	0000000000000783	0000000000000783	041153A8500000      	20131018153503	000000001200	20131021	0000000000000000	00	00	00000000	000	00	00	000
LIST:00	00201310180003	0100	0000000000	0000000000000784	0000000000000784	043B81A7500000      	20131018153506	000000001200	20131021	0000000000000000	00	00	00000000	000	00	00	000
LIST:00	00201310180003	0100	0000000000	0000000000000786	0000000000000786	048E868A500000      	20131018153507	000000001200	20131021	0000000000000000	00	00	00000000	000	00	00	000
LIST:00	00201310180003	0100	0000000000	0000000000000785	0000000000000785	040270A7500000      	20131018153507	000000001200	20131021	0000000000000000	00	00	00000000	000	00	00	000
LIST:00	00201310180003	0100	0000000000	0000000000000787	0000000000000787	041D9CA7500000      	20131018153509	000000001200	20131021	0000000000000000	00	00	00000000	000	00	00	000
LIST:00	00201310180003	0100	0000000000	0000000000000789	0000000000000789	04E845A8500000      	20131018153509	000000001200	20131021	0000000000000000	00	00	00000000	000	00	00	000
LIST:00	00201310180003	0100	0000000000	0000000000000788	0000000000000788	04424CA9500000      	20131018153510	000000001200	20131021	0000000000000000	00	00	00000000	000	00	00	000
LIST:00	00201310180003	0100	0000000000	0000000000000790	0000000000000790	0495288D500000      	20131018153512	000000001200	20131021	0000000000000000	00	00	00000000	000	00	00	000
LIST:00	00201310180003	0100	0000000000	0000000000000792	0000000000000792	04331FA9500000      	20131018153513	000000001200	20131021	0000000000000000	00	00	00000000	000	00	00	000
LIST:00	00201310180003	0100	0000000000	0000000000000791	0000000000000791	04C83EA8500000      	20131018153513	000000001200	20131021	0000000000000000	00	00	00000000	000	00	00	000
LIST:00	00201310180003	0100	0000000000	0000000000000793	0000000000000793	04062E8D500000      	20131018153515	000000001200	20131021	0000000000000000	00	00	00000000	000	00	00	000
LIST:00	00201310180003	0100	0000000000	0000000000000795	0000000000000795	04855A8D500000      	20131018153516	000000001200	20131021	0000000000000000	00	00	00000000	000	00	00	000
LIST:00	00201310180003	0100	0000000000	0000000000000796	0000000000000796	04A1078D500000      	20131018153519	000000001200	20131021	0000000000000000	00	00	00000000	000	00	00	000
LIST:00	00201310180003	0100	0000000000	0000000000000798	0000000000000798	042C07A9500000      	20131018153519	000000001200	20131021	0000000000000000	00	00	00000000	000	00	00	000
LIST:00	00201310180003	0100	0000000000	0000000000000797	0000000000000797	0448188D500000      	20131018153520	000000001200	20131021	0000000000000000	00	00	00000000	000	00	00	000
LIST:00	00201310180003	0100	0000000000	0000000000000799	0000000000000799	04B1DFA8500000      	20131018153522	000000001200	20131021	0000000000000000	00	00	00000000	000	00	00	000
LIST:00	00201310180003	0100	0000000000	0000000000000801	0000000000000801	04CB596A831E80      	20131018153522	000000001200	20131021	0000000000000000	00	00	00000000	000	00	00	000
LIST:00	00201310180003	0100	0000000000	0000000000000800	0000000000000800	04641FA9500000      	20131018153522	000000001200	20131021	0000000000000000	00	00	00000000	000	00	00	000
LIST:00	00201310180003	0100	0000000000	0000000000000802	0000000000000802	04E5A3A7500000      	20131018153525	000000001200	20131021	0000000000000000	00	00	00000000	000	00	00	000
LIST:00	00201310180003	0100	0000000000	0000000000000803	0000000000000803	04C7368D500000      	20131018153525	000000001200	20131021	0000000000000000	00	00	00000000	000	00	00	000
LIST:00	00201310180003	0100	0000000000	0000000000000804	0000000000000804	041F50A7500000      	20131018153526	000000001200	20131021	0000000000000000	00	00	00000000	000	00	00	000
LIST:00	00201310180003	0100	0000000000	0000000000000805	0000000000000805	040709A9500000      	20131018153528	000000001200	20131021	0000000000000000	00	00	00000000	000	00	00	000
LIST:00	00201310180003	0100	0000000000	0000000000000808	0000000000000808	0466A1A8500000      	20131018153539	000000001200	20131021	0000000000000000	00	00	00000000	000	00	00	000
LIST:00	00201310180003	0100	0000000000	0000000000000809	0000000000000809	045B568D500000      	20131018153541	000000001200	20131021	0000000000000000	00	00	00000000	000	00	00	000
LIST:00	00201310180003	0100	0000000000	0000000000000811	0000000000000811	042397A7500000      	20131018153543	000000001200	20131021	0000000000000000	00	00	00000000	000	00	00	000
LIST:00	00201310180003	0100	0000000000	0000000000000814	0000000000000814	04A0A8A7500000      	20131018153545	000000001200	20131021	0000000000000000	00	00	00000000	000	00	00	000
LIST:00	00201310180003	0100	0000000000	0000000000000816	0000000000000816	04EE9EA7500000      	20131018153547	000000001200	20131021	0000000000000000	00	00	00000000	000	00	00	000
LIST:00	00201310180003	0100	0000000000	0000000000000817	0000000000000817	045A7B8A500000      	20131018153549	000000001200	20131021	0000000000000000	00	00	00000000	000	00	00	000
LIST:00	00201310180003	0100	0000000000	0000000000000820	0000000000000820	04AE6F8D500000      	20131018153551	000000001200	20131021	0000000000000000	00	00	00000000	000	00	00	000
LIST:00	00201310180003	0100	0000000000	0000000000000822	0000000000000822	04CA748D500000      	20131018153553	000000001200	20131021	0000000000000000	00	00	00000000	000	00	00	000
LIST:00	00201310180003	0100	0000000000	0000000000000824	0000000000000824	04E36AA9500000      	20131018153555	000000001200	20131021	0000000000000000	00	00	00000000	000	00	00	000
LIST:00	00201310180003	0100	0000000000	0000000000000826	0000000000000826	041FFE8C500000      	20131018153558	000000001200	20131021	0000000000000000	00	00	00000000	000	00	00	000
LIST:00	00201310180003	0100	0000000000	0000000000000827	0000000000000827	0472258D500000      	20131018153600	000000001200	20131021	0000000000000000	00	00	00000000	000	00	00	000
LIST:00	00201310180003	0100	0000000000	0000000000000829	0000000000000829	041CA7A7500000      	20131018154106	000000001200	20131021	0000000000000000	00	00	00000000	000	00	00	000
LIST:00	00201310180003	0100	0000000000	0000000000000830	0000000000000830	04F7F48C500000      	20131018154117	000000001200	20131021	0000000000000000	00	00	00000000	000	00	00	000
LIST:00	00201310180003	0100	0000000000	0000000000000831	0000000000000831	04A0718D500000      	20131018154119	000000001200	20131021	0000000000000000	00	00	00000000	000	00	00	000
LIST:00	00201310180003	0100	0000000000	0000000000000832	0000000000000832	0481328D500000      	20131018154121	000000001200	20131021	0000000000000000	00	00	00000000	000	00	00	000
LIST:00	00201310180003	0100	0000000000	0000000000000833	0000000000000833	049BDAA8500000      	20131018154123	000000001200	20131021	0000000000000000	00	00	00000000	000	00	00	000
LIST:00	00201310180003	0100	0000000000	0000000000000834	0000000000000834	04BECFA7500000      	20131018154125	000000001200	20131021	0000000000000000	00	00	00000000	000	00	00	000
LIST:00	00201310180003	0100	0000000000	0000000000000835	0000000000000835	04E845A8500000      	20131018154234	000000001200	20131021	0000000000000000	00	00	00000000	000	00	00	000
LIST:00	00201310180003	0100	0000000000	0000000000000837	0000000000000837	047C00A8500000      	20131018154234	000000001200	20131021	0000000000000000	00	00	00000000	000	00	00	000
LIST:00	00201310180003	0100	0000000000	0000000000000836	0000000000000836	0426B3A7500000      	20131018154234	000000001200	20131021	0000000000000000	00	00	00000000	000	00	00	000
LIST:00	00201310180003	0100	0000000000	0000000000000838	0000000000000838	04386B8D500000      	20131018154237	000000001200	20131021	0000000000000000	00	00	00000000	000	00	00	000
LIST:00	00201310180003	0100	0000000000	0000000000000840	0000000000000840	0445408D500000      	20131018154237	000000001200	20131021	0000000000000000	00	00	00000000	000	00	00	000
LIST:00	00201310180003	0100	0000000000	0000000000000841	0000000000000841	04B1DFA8500000      	20131018154240	000000001200	20131021	0000000000000000	00	00	00000000	000	00	00	000
LIST:00	00201310180003	0100	0000000000	0000000000000843	0000000000000843	048A708D500000      	20131018154240	000000001200	20131021	0000000000000000	00	00	00000000	000	00	00	000
LIST:00	00201310180003	0100	0000000000	0000000000000844	0000000000000844	0434DCA8500000      	20131018154243	000000001200	20131021	0000000000000000	00	00	00000000	000	00	00	000
LIST:00	00201310180003	0100	0000000000	0000000000000846	0000000000000846	040E15A9500000      	20131018154243	000000001200	20131021	0000000000000000	00	00	00000000	000	00	00	000
LIST:00	00201310180003	0100	0000000000	0000000000000847	0000000000000847	04496C8D500000      	20131018154246	000000001200	20131021	0000000000000000	00	00	00000000	000	00	00	000
LIST:00	00201310180003	0100	0000000000	0000000000000848	0000000000000848	04855A8D500000      	20131018154246	000000001200	20131021	0000000000000000	00	00	00000000	000	00	00	000
LIST:00	00201310180003	0100	0000000000	0000000000000849	0000000000000849	042707A9500000      	20131018154247	000000001200	20131021	0000000000000000	00	00	00000000	000	00	00	000
LIST:00	00201310180003	0100	0000000000	0000000000000850	0000000000000850	0485CF8A500000      	20131018154249	000000001200	20131021	0000000000000000	00	00	00000000	000	00	00	000
LIST:00	00201310180003	0100	0000000000	0000000000000851	0000000000000851	0482328D500000      	20131018154250	000000001200	20131021	0000000000000000	00	00	00000000	000	00	00	000
LIST:00	00201310180003	0100	0000000000	0000000000000853	0000000000000853	04B7B3A7500000      	20131018154252	000000001200	20131021	0000000000000000	00	00	00000000	000	00	00	000
LIST:00	00201310180003	0100	0000000000	0000000000000855	0000000000000855	0454D9A7500000      	20131018154253	000000001200	20131021	0000000000000000	00	00	00000000	000	00	00	000
LIST:00	00201310180003	0100	0000000000	0000000000000856	0000000000000856	04704D8D500000      	20131018154255	000000001200	20131021	0000000000000000	00	00	00000000	000	00	00	000
LIST:00	00201310180003	0100	0000000000	0000000000000857	0000000000000857	04C408A9500000      	20131018154256	000000001200	20131021	0000000000000000	00	00	00000000	000	00	00	000
LIST:00	00201310180003	0100	0000000000	0000000000000858	0000000000000858	04F7F48C500000      	20131018154256	000000001200	20131021	0000000000000000	00	00	00000000	000	00	00	000
LIST:00	00201310180003	0100	0000000000	0000000000000859	0000000000000859	047A6BA8500000      	20131018154258	000000001200	20131021	0000000000000000	00	00	00000000	000	00	00	000
LIST:00	00201310180003	0100	0000000000	0000000000000861	0000000000000861	040F74A7500000      	20131018154259	000000001200	20131021	0000000000000000	00	00	00000000	000	00	00	000
LIST:00	00201310180003	0100	0000000000	0000000000000860	0000000000000860	047D788D500000      	20131018154259	000000001200	20131021	0000000000000000	00	00	00000000	000	00	00	000
LIST:00	00201310180003	0100	0000000000	0000000000000862	0000000000000862	041C6EA8500000      	20131018154302	000000001200	20131021	0000000000000000	00	00	00000000	000	00	00	000
LIST:00	00201310180003	0100	0000000000	0000000000000864	0000000000000864	0416E8A8500000      	20131018154302	000000001200	20131021	0000000000000000	00	00	00000000	000	00	00	000
LIST:00	00201310180003	0100	0000000000	0000000000000863	0000000000000863	0452A2A8500000      	20131018154302	000000001200	20131021	0000000000000000	00	00	00000000	000	00	00	000
LIST:00	00201310180003	0100	0000000000	0000000000000865	0000000000000865	0442328D500000      	20131018154305	000000001200	20131021	0000000000000000	00	00	00000000	000	00	00	000
LIST:00	00201310180003	0100	0000000000	0000000000000867	0000000000000867	04331FA9500000      	20131018154305	000000001200	20131021	0000000000000000	00	00	00000000	000	00	00	000
LIST:00	00201310180003	0100	0000000000	0000000000000866	0000000000000866	046C47A7500000      	20131018154305	000000001200	20131021	0000000000000000	00	00	00000000	000	00	00	000
LIST:00	00201310180003	0100	0000000000	0000000000000868	0000000000000868	041301A8500000      	20131018154308	000000001200	20131021	0000000000000000	00	00	00000000	000	00	00	000
LIST:00	00201310180003	0100	0000000000	0000000000000870	0000000000000870	04D538A9500000      	20131018154308	000000001200	20131021	0000000000000000	00	00	00000000	000	00	00	000
LIST:00	00201310180003	0100	0000000000	0000000000000869	0000000000000869	04AB418D500000      	20131018154309	000000001200	20131021	0000000000000000	00	00	00000000	000	00	00	000
LIST:00	00201310180003	0100	0000000000	0000000000000871	0000000000000871	046F2FA9500000      	20131018154311	000000001200	20131021	0000000000000000	00	00	00000000	000	00	00	000
LIST:00	00201310180003	0100	0000000000	0000000000000873	0000000000000873	049BDAA8500000      	20131018154311	000000001200	20131021	0000000000000000	00	00	00000000	000	00	00	000
LIST:00	00201310180003	0100	0000000000	0000000000000872	0000000000000872	041EEFA7500000      	20131018154312	000000001200	20131021	0000000000000000	00	00	00000000	000	00	00	000
LIST:00	00201310180003	0100	0000000000	0000000000000874	0000000000000874	042F568D500000      	20131018154314	000000001200	20131021	0000000000000000	00	00	00000000	000	00	00	000
LIST:00	00201310180003	0100	0000000000	0000000000000875	0000000000000875	04814D8D500000      	20131018154314	000000001200	20131021	0000000000000000	00	00	00000000	000	00	00	000
LIST:00	00201310180003	0100	0000000000	0000000000000877	0000000000000877	0443B6A7500000      	20131018154317	000000001200	20131021	0000000000000000	00	00	00000000	000	00	00	000
LIST:00	00201310180003	0100	0000000000	0000000000000879	0000000000000879	044459A9500000      	20131018154317	000000001200	20131021	0000000000000000	00	00	00000000	000	00	00	000
LIST:00	00201310180003	0100	0000000000	0000000000000880	0000000000000880	04424CA9500000      	20131018154320	000000001200	20131021	0000000000000000	00	00	00000000	000	00	00	000
LIST:00	00201310180003	0100	0000000000	0000000000000882	0000000000000882	04BD6B61232580      	20131018154321	000000001200	20131021	0000000000000000	00	00	00000000	000	00	00	000
LIST:00	00201310180003	0100	0000000000	0000000000000883	0000000000000883	044E4C8D500000      	20131018154323	000000001200	20131021	0000000000000000	00	00	00000000	000	00	00	000
LIST:00	00201310180003	0100	0000000000	0000000000000885	0000000000000885	0435D0A7500000      	20131018154324	000000001200	20131021	0000000000000000	00	00	00000000	000	00	00	000
LIST:00	00201310180003	0100	0000000000	0000000000000884	0000000000000884	0495208D500000      	20131018154324	000000001200	20131021	0000000000000000	00	00	00000000	000	00	00	000
LIST:00	00201310180003	0100	0000000000	0000000000000886	0000000000000886	0463548D500000      	20131018154326	000000001200	20131021	0000000000000000	00	00	00000000	000	00	00	000
LIST:00	00201310180003	0100	0000000000	0000000000000888	0000000000000888	046181A7500000      	20131018154327	000000001200	20131021	0000000000000000	00	00	00000000	000	00	00	000
LIST:00	00201310180003	0100	0000000000	0000000000000887	0000000000000887	04E888A7500000      	20131018154327	000000001200	20131021	0000000000000000	00	00	00000000	000	00	00	000
LIST:00	00201310180003	0100	0000000000	0000000000000890	0000000000000890	0410E8A8500000      	20131018154329	000000001200	20131021	0000000000000000	00	00	00000000	000	00	00	000
LIST:00	00201310180003	0100	0000000000	0000000000000891	0000000000000891	04A1128D500000      	20131018154330	000000001200	20131021	0000000000000000	00	00	00000000	000	00	00	000
LIST:00	00201310180003	0100	0000000000	0000000000000889	0000000000000889	0466258D500000      	20131018154330	000000001200	20131021	0000000000000000	00	00	00000000	000	00	00	000
LIST:00	00201310180003	0100	0000000000	0000000000000892	0000000000000892	049A1FA9500000      	20131018154333	000000001200	20131021	0000000000000000	00	00	00000000	000	00	00	000
LIST:00	00201310180003	0100	0000000000	0000000000000893	0000000000000893	04A15FA8500000      	20131018154333	000000001200	20131021	0000000000000000	00	00	00000000	000	00	00	000
LIST:00	00201310180003	0100	0000000000	0000000000000894	0000000000000894	0480C1A7500000      	20131018154334	000000001200	20131021	0000000000000000	00	00	00000000	000	00	00	000
LIST:00	00201310180003	0100	0000000000	0000000000000896	0000000000000896	04CC84A7500000      	20131018154336	000000001200	20131021	0000000000000000	00	00	00000000	000	00	00	000
LIST:00	00201310180003	0100	0000000000	0000000000000897	0000000000000897	04179661232581      	20131018154336	000000001200	20131021	0000000000000000	00	00	00000000	000	00	00	000
LIST:00	00201310180003	0100	0000000000	0000000000000895	0000000000000895	041A8EA7500000      	20131018154337	000000001200	20131021	0000000000000000	00	00	00000000	000	00	00	000
LIST:00	00201310180003	0100	0000000000	0000000000000898	0000000000000898	043C3CA8500000      	20131018154339	000000001200	20131021	0000000000000000	00	00	00000000	000	00	00	000
LIST:00	00201310180003	0100	0000000000	0000000000000900	0000000000000900	0448188D500000      	20131018154339	000000001200	20131021	0000000000000000	00	00	00000000	000	00	00	000
LIST:00	00201310180003	0100	0000000000	0000000000000899	0000000000000899	0480328D500000      	20131018154340	000000001200	20131021	0000000000000000	00	00	00000000	000	00	00	000
LIST:00	00201310180003	0100	0000000000	0000000000000901	0000000000000901	04332B8D500000      	20131018154342	000000001200	20131021	0000000000000000	00	00	00000000	000	00	00	000
LIST:00	00201310180003	0100	0000000000	0000000000000903	0000000000000903	0495068D500000      	20131018154342	000000001200	20131021	0000000000000000	00	00	00000000	000	00	00	000
LIST:00	00201310180003	0100	0000000000	0000000000000902	0000000000000902	043C06A8500000      	20131018154343	000000001200	20131021	0000000000000000	00	00	00000000	000	00	00	000
LIST:00	00201310180003	0100	0000000000	0000000000000904	0000000000000904	0484298D500000      	20131018154345	000000001200	20131021	0000000000000000	00	00	00000000	000	00	00	000
LIST:00	00201310180003	0100	0000000000	0000000000000905	0000000000000905	0478618D500000      	20131018154345	000000001200	20131021	0000000000000000	00	00	00000000	000	00	00	000
LIST:00	00201310180003	0100	0000000000	0000000000000908	0000000000000908	041FFE8C500000      	20131018154348	000000001200	20131021	0000000000000000	00	00	00000000	000	00	00	000
LIST:00	00201310180003	0100	0000000000	0000000000000909	0000000000000909	0469B6A7500000      	20131018154349	000000001200	20131021	0000000000000000	00	00	00000000	000	00	00	000
LIST:00	00201310180003	0100	0000000000	0000000000000907	0000000000000907	042513A8500000      	20131018154349	000000001200	20131021	0000000000000000	00	00	00000000	000	00	00	000
LIST:00	00201310180003	0100	0000000000	0000000000000910	0000000000000910	042827A9500000      	20131018154351	000000001200	20131021	0000000000000000	00	00	00000000	000	00	00	000
LIST:00	00201310180003	0100	0000000000	0000000000000911	0000000000000911	043C518D500000      	20131018154352	000000001200	20131021	0000000000000000	00	00	00000000	000	00	00	000
LIST:00	00201310180003	0100	0000000000	0000000000000913	0000000000000913	045DE8A8500000      	20131018154354	000000001200	20131021	0000000000000000	00	00	00000000	000	00	00	000
LIST:00	00201310180003	0100	0000000000	0000000000000915	0000000000000915	04CB596A831E80      	20131018154355	000000001200	20131021	0000000000000000	00	00	00000000	000	00	00	000
LIST:00	00201310180003	0100	0000000000	0000000000000914	0000000000000914	045B568D500000      	20131018154355	000000001200	20131021	0000000000000000	00	00	00000000	000	00	00	000
LIST:00	00201310180003	0100	0000000000	0000000000000916	0000000000000916	0472A28A500000      	20131018154358	000000001200	20131021	0000000000000000	00	00	00000000	000	00	00	000
LIST:00	00201310180003	0100	0000000000	0000000000000918	0000000000000918	04F962A9500000      	20131018154358	000000001200	20131021	0000000000000000	00	00	00000000	000	00	00	000
LIST:00	00201310180003	0100	0000000000	0000000000000917	0000000000000917	04F628A9500000      	20131018154358	000000001200	20131021	0000000000000000	00	00	00000000	000	00	00	000
LIST:00	00201310180003	0100	0000000000	0000000000000919	0000000000000919	04BECFA7500000      	20131018154401	000000001200	20131021	0000000000000000	00	00	00000000	000	00	00	000
LIST:00	00201310180003	0100	0000000000	0000000000000921	0000000000000921	045A7B8A500000      	20131018154401	000000001200	20131021	0000000000000000	00	00	00000000	000	00	00	000
LIST:00	00201310180003	0100	0000000000	0000000000000920	0000000000000920	04ED278D500000      	20131018154402	000000001200	20131021	0000000000000000	00	00	00000000	000	00	00	000
LIST:00	00201310180003	0100	0000000000	0000000000000922	0000000000000922	049C218D500000      	20131018154404	000000001200	20131021	0000000000000000	00	00	00000000	000	00	00	000
LIST:00	00201310180003	0100	0000000000	0000000000000923	0000000000000923	04A0718D500000      	20131018154404	000000001200	20131021	0000000000000000	00	00	00000000	000	00	00	000
LIST:00	00201310180003	0100	0000000000	0000000000000924	0000000000000924	04C6F28C500000      	20131018154405	000000001200	20131021	0000000000000000	00	00	00000000	000	00	00	000
LIST:00	00201310180003	0100	0000000000	0000000000000925	0000000000000925	0445DD8A500000      	20131018154407	000000001200	20131021	0000000000000000	00	00	00000000	000	00	00	000
LIST:00	00201310180003	0100	0000000000	0000000000000927	0000000000000927	044FE0A8500000      	20131018154407	000000001200	20131021	0000000000000000	00	00	00000000	000	00	00	000
LIST:00	00201310180003	0100	0000000000	0000000000000926	0000000000000926	042063A9500000      	20131018154408	000000001200	20131021	0000000000000000	00	00	00000000	000	00	00	000
LIST:00	00201310180003	0100	0000000000	0000000000000928	0000000000000928	04069B8A500000      	20131018154410	000000001200	20131021	0000000000000000	00	00	00000000	000	00	00	000
LIST:00	00201310180003	0100	0000000000	0000000000000930	0000000000000930	041CA7A7500000      	20131018154410	000000001200	20131021	0000000000000000	00	00	00000000	000	00	00	000
LIST:00	00201310180003	0100	0000000000	0000000000000929	0000000000000929	0493098D500000      	20131018154411	000000001200	20131021	0000000000000000	00	00	00000000	000	00	00	000
LIST:00	00201310180003	0100	0000000000	0000000000000931	0000000000000931	048C5A8D500000      	20131018154413	000000001200	20131021	0000000000000000	00	00	00000000	000	00	00	000
LIST:00	00201310180003	0100	0000000000	0000000000000933	0000000000000933	04641FA9500000      	20131018154413	000000001200	20131021	0000000000000000	00	00	00000000	000	00	00	000
LIST:00	00201310180003	0100	0000000000	0000000000000932	0000000000000932	04B000A8500000      	20131018154414	000000001200	20131021	0000000000000000	00	00	00000000	000	00	00	000
LIST:00	00201310180003	0100	0000000000	0000000000000934	0000000000000934	048A1EB7500000      	20131018154416	000000001200	20131021	0000000000000000	00	00	00000000	000	00	00	000
LIST:00	00201310180003	0100	0000000000	0000000000000936	0000000000000936	04F47E8D500000      	20131018154417	000000001200	20131021	0000000000000000	00	00	00000000	000	00	00	000
LIST:00	00201310180003	0100	0000000000	0000000000000935	0000000000000935	04062E8D500000      	20131018154417	000000001200	20131021	0000000000000000	00	00	00000000	000	00	00	000
LIST:00	00201310180003	0100	0000000000	0000000000000938	0000000000000938	04AE7BA7500000      	20131018154419	000000001200	20131021	0000000000000000	00	00	00000000	000	00	00	000
LIST:00	00201310180003	0100	0000000000	0000000000000937	0000000000000937	04401D8D500000      	20131018154420	000000001200	20131021	0000000000000000	00	00	00000000	000	00	00	000
LIST:00	00201310180003	0100	0000000000	0000000000000940	0000000000000940	04FB428D500000      	20131018154422	000000001200	20131021	0000000000000000	00	00	00000000	000	00	00	000
LIST:00	00201310180003	0100	0000000000	0000000000000942	0000000000000942	048BD2A7500000      	20131018154423	000000001200	20131021	0000000000000000	00	00	00000000	000	00	00	000
LIST:00	00201310180003	0100	0000000000	0000000000000943	0000000000000943	04086A8D500000      	20131018154426	000000001200	20131021	0000000000000000	00	00	00000000	000	00	00	000
LIST:00	00201310180003	0100	0000000000	0000000000000945	0000000000000945	04EAFEA7500000      	20131018154426	000000001200	20131021	0000000000000000	00	00	00000000	000	00	00	000
LIST:00	00201310180003	0100	0000000000	0000000000000946	0000000000000946	04592D8D500000      	20131018154429	000000001200	20131021	0000000000000000	00	00	00000000	000	00	00	000
LIST:00	00201310180003	0100	0000000000	0000000000000948	0000000000000948	049583A8500000      	20131018154429	000000001200	20131021	0000000000000000	00	00	00000000	000	00	00	000
LIST:00	00201310180003	0100	0000000000	0000000000000949	0000000000000949	0485AD8A500000      	20131018154432	000000001200	20131021	0000000000000000	00	00	00000000	000	00	00	000
LIST:00	00201310180003	0100	0000000000	0000000000000951	0000000000000951	04191E8D500000      	20131018154432	000000001200	20131021	0000000000000000	00	00	00000000	000	00	00	000
LIST:00	00201310180003	0100	0000000000	0000000000000952	0000000000000952	04C57B8A500000      	20131018154435	000000001200	20131021	0000000000000000	00	00	00000000	000	00	00	000
LIST:00	00201310180003	0100	0000000000	0000000000000953	0000000000000953	04F570A9500000      	20131018154435	000000001200	20131021	0000000000000000	00	00	00000000	000	00	00	000
LIST:00	00201310180003	0100	0000000000	0000000000000955	0000000000000955	0437278D500000      	20131018154438	000000001200	20131021	0000000000000000	00	00	00000000	000	00	00	000
LIST:00	00201310180003	0100	0000000000	0000000000000957	0000000000000957	048348A7500000      	20131018154438	000000001200	20131021	0000000000000000	00	00	00000000	000	00	00	000
LIST:00	00201310180003	0100	0000000000	0000000000000956	0000000000000956	04993F8D500000      	20131018154439	000000001200	20131021	0000000000000000	00	00	00000000	000	00	00	000
LIST:00	00201310180003	0100	0000000000	0000000000000958	0000000000000958	04D19C59232580      	20131018154441	000000001200	20131021	0000000000000000	00	00	00000000	000	00	00	000
LIST:00	00201310180003	0100	0000000000	0000000000000959	0000000000000959	04CFE2A8500000      	20131018154442	000000001200	20131021	0000000000000000	00	00	00000000	000	00	00	000
LIST:00	00201310180003	0100	0000000000	0000000000000961	0000000000000961	04D32DA8500000      	20131018154444	000000001200	20131021	0000000000000000	00	00	00000000	000	00	00	000
LIST:00	00201310180003	0100	0000000000	0000000000000962	0000000000000962	04D1B0A8500000      	20131018154445	000000001200	20131021	0000000000000000	00	00	00000000	000	00	00	000
LIST:00	00201310180003	0100	0000000000	0000000000000963	0000000000000963	047D7861232580      	20131018154445	000000001200	20131021	0000000000000000	00	00	00000000	000	00	00	000
LIST:00	00201310180003	0100	0000000000	0000000000000964	0000000000000964	04CA5AA8500000      	20131018154447	000000001200	20131021	0000000000000000	00	00	00000000	000	00	00	000
LIST:00	00201310180003	0100	0000000000	0000000000000966	0000000000000966	0491D8A8500000      	20131018154448	000000001200	20131021	0000000000000000	00	00	00000000	000	00	00	000
LIST:00	00201310180003	0100	0000000000	0000000000000965	0000000000000965	042D73A8500000      	20131018154448	000000001200	20131021	0000000000000000	00	00	00000000	000	00	00	000
LIST:00	00201310180003	0100	0000000000	0000000000000967	0000000000000967	04223D8D500000      	20131018154450	000000001200	20131021	0000000000000000	00	00	00000000	000	00	00	000
LIST:00	00201310180003	0100	0000000000	0000000000000969	0000000000000969	04ADFDA8500000      	20131018154451	000000001200	20131021	0000000000000000	00	00	00000000	000	00	00	000
LIST:00	00201310180003	0100	0000000000	0000000000000968	0000000000000968	046D058D500000      	20131018154451	000000001200	20131021	0000000000000000	00	00	00000000	000	00	00	000
LIST:00	00201310180003	0100	0000000000	0000000000000970	0000000000000970	04DB2F8D500000      	20131018154453	000000001200	20131021	0000000000000000	00	00	00000000	000	00	00	000
LIST:00	00201310180003	0100	0000000000	0000000000000972	0000000000000972	04B07B8A500000      	20131018154454	000000001200	20131021	0000000000000000	00	00	00000000	000	00	00	000
LIST:00	00201310180003	0100	0000000000	0000000000000971	0000000000000971	04534EA7500000      	20131018154454	000000001200	20131021	0000000000000000	00	00	00000000	000	00	00	000
LIST:00	00201310180003	0100	0000000000	0000000000000973	0000000000000973	047CA6A7500000      	20131018154457	000000001200	20131021	0000000000000000	00	00	00000000	000	00	00	000
LIST:00	00201310180003	0100	0000000000	0000000000000975	0000000000000975	04CBF7A7500000      	20131018154457	000000001200	20131021	0000000000000000	00	00	00000000	000	00	00	000
LIST:00	00201310180003	0100	0000000000	0000000000000974	0000000000000974	048D01A8500000      	20131018154458	000000001200	20131021	0000000000000000	00	00	00000000	000	00	00	000
CRC:03dcb800