STAT:03	03201310170005	000000000015	000000000014	000000000000	000000000001	20131017154706	3	                                        
LISTNUM:000000000014
LIST:03	03201310170005	0200	0000000000	9000000011000011	9000000011000011	8684E6E0000000      	20131017154601	000000000000	20151014	0000000000000000	00	00	00000000	000	00	00	000
LIST:03	03201310170005	0200	0000000000	9000000011000023	9000000011000023	4EEE67B0000000      	20131017154605	000000000000	20151014	0000000000000000	00	00	00000000	000	00	00	000
LIST:03	03201310170005	0200	0000000000	9000000010000010	9000000010000010	8184E6E0000000      	20131017154610	000000000000	20151014	0000000000000000	00	00	00000000	000	00	00	000
LIST:03	03201310170005	0200	0000000000	9000000010000010	9000000010000010	8DF467B0000000      	20131017154614	000000000000	20151014	0000000000000000	00	00	00000000	000	00	00	000
LIST:03	03201310170005	0200	0000000000	9000000010000005	9000000010000005	C10068B0000000      	20131017154618	000000000000	20151014	0000000000000000	00	00	00000000	000	00	00	000
LIST:03	03201310170005	0200	0000000000	9000000010000010	9000000010000010	F41968B0000000      	20131017154623	000000000000	20151014	0000000000000000	00	00	00000000	000	00	00	000
LIST:03	03201310170005	0200	0000000000	9000000010000010	9000000010000010	240F68B0000000      	20131017154627	000000000000	20151014	0000000000000000	00	00	00000000	000	00	00	000
LIST:03	03201310170005	0200	0000000000	9000000011000026	9000000011000026	570268B0000000      	20131017154636	000000000000	20151014	0000000000000000	00	00	00000000	000	00	00	000
LIST:03	03201310170005	0200	0000000000	9000000011000019	9000000011000019	CDEF67B0000000      	20131017154641	000000000000	20151014	0000000000000000	00	00	00000000	000	00	00	000
LIST:03	03201310170005	0200	0000000000	9000000011000029	9000000011000029	2289E6E0000000      	20131017154645	000000000000	20151014	0000000000000000	00	00	00000000	000	00	00	000
LIST:03	03201310170005	0200	0000000000	9000000011000020	9000000011000020	2188E6E0000000      	20131017154650	000000000000	20151014	0000000000000000	00	00	00000000	000	00	00	000
LIST:03	03201310170005	0200	0000000000	9000000011000017	9000000011000017	6B88E6E0000000      	20131017154655	000000000000	20151014	0000000000000000	00	00	00000000	000	00	00	000
LIST:03	03201310170005	0200	0000000000	9000000011000015	9000000011000015	E67FE6E0000000      	20131017154659	000000000000	20151014	0000000000000000	00	00	00000000	000	00	00	000
LIST:03	03201310170005	0200	0000000000	9000000011000025	9000000011000025	D30268B0000000      	20131017154703	000000000000	20151014	0000000000000000	00	00	00000000	000	00	00	000
CRC:58abe703