STAT:01	01201310120014	000000000300	000000000287	000000000000	000000000013	20131021155755	3	                                        
LISTNUM:000000000287
LIST:01	01201310120014	0100	0000000000	0000000000003301	0000000000003301	04D1F98C500000      	20131018145856	000000000200	20161005	0000000000000000	01	07	00000000	000	00	07	000
LIST:01	01201310120014	0100	0000000000	0000000000002714	0000000000002714	0449408D500000      	20131018145857	000000000200	20161005	0000000000000000	01	07	00000000	000	00	07	000
LIST:01	01201310120014	0100	0000000000	0000000000002692	0000000000002692	04704D8D500000      	20131018145859	000000000200	20161005	0000000000000000	01	07	00000000	000	00	07	000
LIST:01	01201310120014	0100	0000000000	0000000000003326	0000000000003326	046866A8500000      	20131018145901	000000000200	20161005	0000000000000000	01	07	00000000	000	00	07	000
LIST:01	01201310120014	0100	0000000000	0000000000002646	0000000000002646	0491D8A8500000      	20131018145901	000000000200	20161005	0000000000000000	01	07	00000000	000	00	07	000
LIST:01	01201310120014	0100	0000000000	0000000000002847	0000000000002847	04401D8D500000      	20131018145902	000000000200	20161005	0000000000000000	01	07	00000000	000	00	07	000
LIST:01	01201310120014	0100	0000000000	0000000000003253	0000000000003253	04AB478D500000      	20131018145904	000000000200	20161005	0000000000000000	01	07	00000000	000	00	07	000
LIST:01	01201310120014	0100	0000000000	0000000000002779	0000000000002779	0493A0A7500000      	20131018145904	000000000200	20161005	0000000000000000	01	07	00000000	000	00	07	000
LIST:01	01201310120014	0100	0000000000	0000000000002608	0000000000002608	04C408A9500000      	20131018145906	000000000200	20161005	0000000000000000	01	07	00000000	000	00	07	000
LIST:01	01201310120014	0100	0000000000	0000000000002607	0000000000002607	042707A9500000      	20131018145908	000000000200	20161005	0000000000000000	01	07	00000000	000	00	07	000
LIST:01	01201310120014	0100	0000000000	0000000000003332	0000000000003332	04D5558D500000      	20131018150825	000000000200	20161005	0000000000000000	01	07	00000000	000	00	07	000
LIST:01	01201310120014	0100	0000000000	0000000000002806	0000000000002806	045E70A7500000      	20131018150825	000000000200	20161005	0000000000000000	01	07	00000000	000	00	07	000
LIST:01	01201310120014	0100	0000000000	0000000000002807	0000000000002807	048F9EA8500000      	20131018150839	000000000200	20161005	0000000000000000	01	07	00000000	000	00	07	000
LIST:01	01201310120014	0100	0000000000	0000000000003244	0000000000003244	04C613A8500000      	20131018150840	000000000200	20161005	0000000000000000	01	07	00000000	000	00	07	000
LIST:01	01201310120014	0100	0000000000	0000000000002857	0000000000002857	0478618D500000      	20131018150840	000000000200	20161005	0000000000000000	01	07	00000000	000	00	07	000
LIST:01	01201310120014	0100	0000000000	0000000000002647	0000000000002647	04370E8D500000      	20131018150841	000000000200	20161005	0000000000000000	01	07	00000000	000	00	07	000
LIST:01	01201310120014	0100	0000000000	0000000000003281	0000000000003281	04BBFEA7500000      	20131018150843	000000000200	20161005	0000000000000000	01	07	00000000	000	00	07	000
LIST:01	01201310120014	0100	0000000000	0000000000002769	0000000000002769	046C47A7500000      	20131018150843	000000000200	20161005	0000000000000000	01	07	00000000	000	00	07	000
LIST:01	01201310120014	0100	0000000000	0000000000002861	0000000000002861	041A8EA7500000      	20131018150843	000000000200	20161005	0000000000000000	01	07	00000000	000	00	07	000
LIST:01	01201310120014	0100	0000000000	0000000000002673	0000000000002673	04E2EFA8500000      	20131018150845	000000000200	20161005	0000000000000000	01	07	00000000	000	00	07	000
LIST:01	01201310120014	0100	0000000000	0000000000003402	0000000000003402	0485AD8A500000      	20131018150846	000000000200	20161005	0000000000000000	01	07	00000000	000	00	07	000
LIST:01	01201310120014	0100	0000000000	0000000000002610	0000000000002610	044459A9500000      	20131018150846	000000000200	20161005	0000000000000000	01	07	00000000	000	00	07	000
LIST:01	01201310120014	0100	0000000000	0000000000002621	0000000000002621	04541AA8500000      	20131018150848	000000000200	20161005	0000000000000000	01	07	00000000	000	00	07	000
LIST:01	01201310120014	0100	0000000000	0000000000002820	0000000000002820	04C57B8A500000      	20131018150849	000000000200	20161005	0000000000000000	01	07	00000000	000	00	07	000
LIST:01	01201310120014	0100	0000000000	0000000000001210	0000000000001210	04191E8D500000      	20131021155346	000000000200	20161005	0000000000000000	01	07	00000000	000	00	07	000
LIST:01	01201310120014	0100	0000000000	0000000000001010	0000000000001010	04B33E8D500000      	20131021155347	000000000200	20161005	0000000000000000	01	07	00000000	000	00	07	000
LIST:01	01201310120014	0100	0000000000	0000000000003559	0000000000003559	0442328D500000      	20131021155347	000000000200	20161005	0000000000000000	01	07	00000000	000	00	07	000
LIST:01	01201310120014	0100	0000000000	0000000000001458	0000000000001458	049BA2A8500000      	20131021155349	000000000200	20161005	0000000000000000	01	07	00000000	000	00	07	000
LIST:01	01201310120014	0100	0000000000	0000000000001261	0000000000001261	04A1078D500000      	20131021155349	000000000200	20161005	0000000000000000	01	07	00000000	000	00	07	000
LIST:01	01201310120014	0100	0000000000	0000000000001253	0000000000001253	042D73A8500000      	20131021155350	000000000200	20161005	0000000000000000	01	07	00000000	000	00	07	000
LIST:01	01201310120014	0100	0000000000	0000000000001399	0000000000001399	0453A4A7500000      	20131021155351	000000000200	20161005	0000000000000000	01	07	00000000	000	00	07	000
LIST:01	01201310120014	0100	0000000000	0000000000001252	0000000000001252	04E3DFA8500000      	20131021155352	000000000200	20161005	0000000000000000	01	07	00000000	000	00	07	000
LIST:01	01201310120014	0100	0000000000	0000000000003553	0000000000003553	043C06A8500000      	20131021155352	000000000200	20161005	0000000000000000	01	07	00000000	000	00	07	000
LIST:01	01201310120014	0100	0000000000	0000000000001306	0000000000001306	049C8DA8500000      	20131021155354	000000000200	20161005	0000000000000000	01	07	00000000	000	00	07	000
LIST:01	01201310120014	0100	0000000000	0000000000001747	0000000000001747	041907A8500000      	20131021155354	000000000200	20161005	0000000000000000	01	07	00000000	000	00	07	000
LIST:01	01201310120014	0100	0000000000	0000000000001181	0000000000001181	040270A7500000      	20131021155355	000000000200	20161005	0000000000000000	01	07	00000000	000	00	07	000
LIST:01	01201310120014	0100	0000000000	0000000000001727	0000000000001727	04C901A8500000      	20131021155357	000000000200	20161005	0000000000000000	01	07	00000000	000	00	07	000
LIST:01	01201310120014	0100	0000000000	0000000000001557	0000000000001557	04EBBF8A500000      	20131021155357	000000000200	20161005	0000000000000000	01	07	00000000	000	00	07	000
LIST:01	01201310120014	0100	0000000000	0000000000001464	0000000000001464	04395CA7500000      	20131021155358	000000000200	20161005	0000000000000000	01	07	00000000	000	00	07	000
LIST:01	01201310120014	0100	0000000000	0000000000001723	0000000000001723	0432A68A500000      	20131021155359	000000000200	20161005	0000000000000000	01	07	00000000	000	00	07	000
LIST:01	01201310120014	0100	0000000000	0000000000001152	0000000000001152	04592D8D500000      	20131021155400	000000000200	20161005	0000000000000000	01	07	00000000	000	00	07	000
LIST:01	01201310120014	0100	0000000000	0000000000001691	0000000000001691	04CBF7A7500000      	20131021155400	000000000200	20161005	0000000000000000	01	07	00000000	000	00	07	000
LIST:01	01201310120014	0100	0000000000	0000000000003564	0000000000003564	0495208D500000      	20131021155402	000000000200	20161005	0000000000000000	01	07	00000000	000	00	07	000
LIST:01	01201310120014	0100	0000000000	0000000000001555	0000000000001555	049B5DA8500000      	20131021155402	000000000200	20161005	0000000000000000	01	07	00000000	000	00	07	000
LIST:01	01201310120014	0100	0000000000	0000000000001698	0000000000001698	04065CA9500000      	20131021155403	000000000200	20161005	0000000000000000	01	07	00000000	000	00	07	000
LIST:01	01201310120014	0100	0000000000	0000000000001708	0000000000001708	0412F48C500000      	20131021155404	000000000200	20161005	0000000000000000	01	07	00000000	000	00	07	000
LIST:01	01201310120014	0100	0000000000	0000000000001279	0000000000001279	041EEFA7500000      	20131021155405	000000000200	20161005	0000000000000000	01	07	00000000	000	00	07	000
LIST:01	01201310120014	0100	0000000000	0000000000001364	0000000000001364	0480C1A7500000      	20131021155405	000000000200	20161005	0000000000000000	01	07	00000000	000	00	07	000
LIST:01	01201310120014	0100	0000000000	0000000000001258	0000000000001258	048F9EA8500000      	20131021155407	000000000200	20161005	0000000000000000	01	07	00000000	000	00	07	000
LIST:01	01201310120014	0100	0000000000	0000000000001734	0000000000001734	049C218D500000      	20131021155407	000000000200	20161005	0000000000000000	01	07	00000000	000	00	07	000
LIST:01	01201310120014	0100	0000000000	0000000000002878	0000000000002878	04EFC38A500000      	20131021155408	000000000200	20161005	0000000000000000	01	07	00000000	000	00	07	000
LIST:01	01201310120014	0100	0000000000	0000000000001722	0000000000001722	04F628A9500000      	20131021155410	000000000200	20161005	0000000000000000	01	07	00000000	000	00	07	000
LIST:01	01201310120014	0100	0000000000	0000000000001282	0000000000001282	04D5558D500000      	20131021155410	000000000200	20161005	0000000000000000	01	07	00000000	000	00	07	000
LIST:01	01201310120014	0100	0000000000	0000000000001248	0000000000001248	043A88A7500000      	20131021155411	000000000200	20161005	0000000000000000	01	07	00000000	000	00	07	000
LIST:01	01201310120014	0100	0000000000	0000000000001773	0000000000001773	0414168D500000      	20131021155412	000000000200	20161005	0000000000000000	01	07	00000000	000	00	07	000
LIST:01	01201310120014	0100	0000000000	0000000000003547	0000000000003547	042827A9500000      	20131021155413	000000000200	20161005	0000000000000000	01	07	00000000	000	00	07	000
LIST:01	01201310120014	0100	0000000000	0000000000000997	0000000000000997	04DA5AA8500000      	20131021155413	000000000200	20161005	0000000000000000	01	07	00000000	000	00	07	000
LIST:01	01201310120014	0100	0000000000	0000000000000856	0000000000000856	04704D8D500000      	20131021155414	000000000200	20161005	0000000000000000	01	07	00000000	000	00	07	000
LIST:01	01201310120014	0100	0000000000	0000000000001711	0000000000001711	042F568D500000      	20131021155415	000000000200	20161005	0000000000000000	01	07	00000000	000	00	07	000
LIST:01	01201310120014	0100	0000000000	0000000000001270	0000000000001270	04E274A8500000      	20131021155415	000000000200	20161005	0000000000000000	01	07	00000000	000	00	07	000
LIST:01	01201310120014	0100	0000000000	0000000000001234	0000000000001234	04AFD0A7500000      	20131021155417	000000000200	20161005	0000000000000000	01	07	00000000	000	00	07	000
LIST:01	01201310120014	0100	0000000000	0000000000001260	0000000000001260	0426B3A7500000      	20131021155417	000000000200	20161005	0000000000000000	01	07	00000000	000	00	07	000
LIST:01	01201310120014	0100	0000000000	0000000000001745	0000000000001745	040DA7A8500000      	20131021155418	000000000200	20161005	0000000000000000	01	07	00000000	000	00	07	000
LIST:01	01201310120014	0100	0000000000	0000000000001743	0000000000001743	04CFE2A8500000      	20131021155420	000000000200	20161005	0000000000000000	01	07	00000000	000	00	07	000
LIST:01	01201310120014	0100	0000000000	0000000000001201	0000000000001201	04F965A8500000      	20131021155420	000000000200	20161005	0000000000000000	01	07	00000000	000	00	07	000
LIST:01	01201310120014	0100	0000000000	0000000000001204	0000000000001204	049B72A9500000      	20131021155421	000000000200	20161005	0000000000000000	01	07	00000000	000	00	07	000
LIST:01	01201310120014	0100	0000000000	0000000000001757	0000000000001757	04CC84A7500000      	20131021155422	000000000200	20161005	0000000000000000	01	07	00000000	000	00	07	000
LIST:01	01201310120014	0100	0000000000	0000000000001141	0000000000001141	04D19C59232580      	20131021155423	000000000200	20161005	0000000000000000	01	07	00000000	000	00	07	000
LIST:01	01201310120014	0100	0000000000	0000000000001693	0000000000001693	0415EDA7500000      	20131021155423	000000000200	20161005	0000000000000000	01	07	00000000	000	00	07	000
LIST:01	01201310120014	0100	0000000000	0000000010000007	0000000010000007	04993F8D500000      	20131021155425	000000000200	20161005	0000000000000000	01	07	00000000	000	00	07	000
LIST:01	01201310120014	0100	0000000000	0000000000001753	0000000000001753	04332B8D500000      	20131021155425	000000000200	20161005	0000000000000000	01	07	00000000	000	00	07	000
LIST:01	01201310120014	0100	0000000000	0000000000001207	0000000000001207	046C47A7500000      	20131021155426	000000000200	20161005	0000000000000000	01	07	00000000	000	00	07	000
LIST:01	01201310120014	0100	0000000000	0000000000003572	0000000000003572	041CA7A7500000      	20131021155428	000000000200	20161005	0000000000000000	01	07	00000000	000	00	07	000
LIST:01	01201310120014	0100	0000000000	0000000000001163	0000000000001163	04A5FE8C500000      	20131021155428	000000000200	20161005	0000000000000000	01	07	00000000	000	00	07	000
LIST:01	01201310120014	0100	0000000000	0000000000001324	0000000000001324	0416E8A8500000      	20131021155428	000000000200	20161005	0000000000000000	01	07	00000000	000	00	07	000
LIST:01	01201310120014	0100	0000000000	0000000000001239	0000000000001239	04B855A9500000      	20131021155430	000000000200	20161005	0000000000000000	01	07	00000000	000	00	07	000
LIST:01	01201310120014	0100	0000000000	0000000000000948	0000000000000948	049583A8500000      	20131021155430	000000000200	20161005	0000000000000000	01	07	00000000	000	00	07	000
LIST:01	01201310120014	0100	0000000000	0000000000001729	0000000000001729	0482328D500000      	20131021155431	000000000200	20161005	0000000000000000	01	07	00000000	000	00	07	000
LIST:01	01201310120014	0100	0000000000	0000000000001689	0000000000001689	04424CA9500000      	20131021155433	000000000200	20161005	0000000000000000	01	07	00000000	000	00	07	000
LIST:01	01201310120014	0100	0000000000	0000000000001695	0000000000001695	041D9CA7500000      	20131021155433	000000000200	20161005	0000000000000000	01	07	00000000	000	00	07	000
LIST:01	01201310120014	0100	0000000000	0000000000001775	0000000000001775	045A7B8A500000      	20131021155434	000000000200	20161005	0000000000000000	01	07	00000000	000	00	07	000
LIST:01	01201310120014	0100	0000000000	0000000000001322	0000000000001322	04DB2F8D500000      	20131021155435	000000000200	20161005	0000000000000000	01	07	00000000	000	00	07	000
LIST:01	01201310120014	0100	0000000000	0000000000001784	0000000000001784	04ED278D500000      	20131021155436	000000000200	20161005	0000000000000000	01	07	00000000	000	00	07	000
LIST:01	01201310120014	0100	0000000000	0000000000001688	0000000000001688	04179661232581      	20131021155436	000000000200	20161005	0000000000000000	01	07	00000000	000	00	07	000
LIST:01	01201310120014	0100	0000000000	0000000000001133	0000000000001133	0434DCA8500000      	20131021155438	000000000200	20161005	0000000000000000	01	07	00000000	000	00	07	000
LIST:01	01201310120014	0100	0000000000	0000000000001236	0000000000001236	04E2EFA8500000      	20131021155438	000000000200	20161005	0000000000000000	01	07	00000000	000	00	07	000
LIST:01	01201310120014	0100	0000000000	0000000000003574	0000000000003574	04541AA8500000      	20131021155439	000000000200	20161005	0000000000000000	01	07	00000000	000	00	07	000
LIST:01	01201310120014	0100	0000000000	0000000000001781	0000000000001781	04D1B0A8500000      	20131021155440	000000000200	20161005	0000000000000000	01	07	00000000	000	00	07	000
LIST:01	01201310120014	0100	0000000000	0000000000001699	0000000000001699	04A2208D500000      	20131021155441	000000000200	20161005	0000000000000000	01	07	00000000	000	00	07	000
LIST:01	01201310120014	0100	0000000000	0000000000001366	0000000000001366	049CBA8A500000      	20131021155443	000000000200	20161005	0000000000000000	01	07	00000000	000	00	07	000
LIST:01	01201310120014	0100	0000000000	0000000000001542	0000000000001542	04AB478D500000      	20131021155443	000000000200	20161005	0000000000000000	01	07	00000000	000	00	07	000
LIST:01	01201310120014	0100	0000000000	0000000000001703	0000000000001703	04D0D9A7500000      	20131021155443	000000000200	20161005	0000000000000000	01	07	00000000	000	00	07	000
LIST:01	01201310120014	0100	0000000000	0000000000001233	0000000000001233	0428158D500000      	20131021155445	000000000200	20161005	0000000000000000	01	07	00000000	000	00	07	000
LIST:01	01201310120014	0100	0000000000	0000000000001119	0000000000001119	04D5FB8C500000      	20131021155446	000000000200	20161005	0000000000000000	01	07	00000000	000	00	07	000
LIST:01	01201310120014	0100	0000000000	0000000000001690	0000000000001690	0484298D500000      	20131021155446	000000000200	20161005	0000000000000000	01	07	00000000	000	00	07	000
LIST:01	01201310120014	0100	0000000000	0000000000001701	0000000000001701	04FC1C8D500000      	20131021155448	000000000200	20161005	0000000000000000	01	07	00000000	000	00	07	000
LIST:01	01201310120014	0100	0000000000	0000000000001272	0000000000001272	0494AD59232580      	20131021155448	000000000200	20161005	0000000000000000	01	07	00000000	000	00	07	000
LIST:01	01201310120014	0100	0000000000	0000000000001217	0000000000001217	04BD6B61232580      	20131021155449	000000000200	20161005	0000000000000000	01	07	00000000	000	00	07	000
LIST:01	01201310120014	0100	0000000000	0000000000003548	0000000000003548	04069B8A500000      	20131021155450	000000000200	20161005	0000000000000000	01	07	00000000	000	00	07	000
LIST:01	01201310120014	0100	0000000000	0000000000000932	0000000000000932	04B000A8500000      	20131021155451	000000000200	20161005	0000000000000000	01	07	00000000	000	00	07	000
LIST:01	01201310120014	0100	0000000000	0000000000001535	0000000000001535	0438D98A500000      	20131021155451	000000000200	20161005	0000000000000000	01	07	00000000	000	00	07	000
LIST:01	01201310120014	0100	0000000000	0000000000001127	0000000000001127	04EAFEA7500000      	20131021155453	000000000200	20161005	0000000000000000	01	07	00000000	000	00	07	000
LIST:01	01201310120014	0100	0000000000	0000000000001281	0000000000001281	047CB6A7500000      	20131021155453	000000000200	20161005	0000000000000000	01	07	00000000	000	00	07	000
LIST:01	01201310120014	0100	0000000000	0000000000001758	0000000000001758	0463548D500000      	20131021155453	000000000200	20161005	0000000000000000	01	07	00000000	000	00	07	000
LIST:01	01201310120014	0100	0000000000	0000000000001184	0000000000001184	04BA01A8500000      	20131021155455	000000000200	20161005	0000000000000000	01	07	00000000	000	00	07	000
LIST:01	01201310120014	0100	0000000000	0000000000001751	0000000000001751	04AB418D500000      	20131021155455	000000000200	20161005	0000000000000000	01	07	00000000	000	00	07	000
LIST:01	01201310120014	0100	0000000000	0000000000001736	0000000000001736	04A0A8A7500000      	20131021155456	000000000200	20161005	0000000000000000	01	07	00000000	000	00	07	000
LIST:01	01201310120014	0100	0000000000	0000000000001764	0000000000001764	04A15FA8500000      	20131021155458	000000000200	20161005	0000000000000000	01	07	00000000	000	00	07	000
LIST:01	01201310120014	0100	0000000000	0000000000001779	0000000000001779	04AB2C8D500000      	20131021155458	000000000200	20161005	0000000000000000	01	07	00000000	000	00	07	000
LIST:01	01201310120014	0100	0000000000	0000000000003549	0000000000003549	04401D8D500000      	20131021155458	000000000200	20161005	0000000000000000	01	07	00000000	000	00	07	000
LIST:01	01201310120014	0100	0000000000	0000000000002876	0000000000002876	04BA78A9500000      	20131021155500	000000000200	20161005	0000000000000000	01	07	00000000	000	00	07	000
LIST:01	01201310120014	0100	0000000000	0000000000001264	0000000000001264	048D01A8500000      	20131021155500	000000000200	20161005	0000000000000000	01	07	00000000	000	00	07	000
LIST:01	01201310120014	0100	0000000000	0000000000001084	0000000000001084	04A2E0A8500000      	20131021155501	000000000200	20161005	0000000000000000	01	07	00000000	000	00	07	000
LIST:01	01201310120014	0100	0000000000	0000000000001153	0000000000001153	041755A7500000      	20131021155502	000000000200	20161005	0000000000000000	01	07	00000000	000	00	07	000
LIST:01	01201310120014	0100	0000000000	0000000000001721	0000000000001721	041752A8500000      	20131021155503	000000000200	20161005	0000000000000000	01	07	00000000	000	00	07	000
LIST:01	01201310120014	0100	0000000000	0000000000001298	0000000000001298	04F9D5A7500000      	20131021155503	000000000200	20161005	0000000000000000	01	07	00000000	000	00	07	000
LIST:01	01201310120014	0100	0000000000	0000000000001767	0000000000001767	0454D9A7500000      	20131021155505	000000000200	20161005	0000000000000000	01	07	00000000	000	00	07	000
LIST:01	01201310120014	0100	0000000000	0000000000001774	0000000000001774	0452A2A8500000      	20131021155505	000000000200	20161005	0000000000000000	01	07	00000000	000	00	07	000
LIST:01	01201310120014	0100	0000000000	0000000000001755	0000000000001755	041153A8500000      	20131021155506	000000000200	20161005	0000000000000000	01	07	00000000	000	00	07	000
LIST:01	01201310120014	0100	0000000000	0000000000003561	0000000000003561	04C83EA8500000      	20131021155507	000000000200	20161005	0000000000000000	01	07	00000000	000	00	07	000
LIST:01	01201310120014	0100	0000000000	0000000000001262	0000000000001262	04D932A9500000      	20131021155508	000000000200	20161005	0000000000000000	01	07	00000000	000	00	07	000
LIST:01	01201310120014	0100	0000000000	0000000000001725	0000000000001725	04E36AA9500000      	20131021155508	000000000200	20161005	0000000000000000	01	07	00000000	000	00	07	000
LIST:01	01201310120014	0100	0000000000	0000000000001155	0000000000001155	04AE7BA7500000      	20131021155510	000000000200	20161005	0000000000000000	01	07	00000000	000	00	07	000
LIST:01	01201310120014	0100	0000000000	0000000000001255	0000000000001255	045E70A7500000      	20131021155510	000000000200	20161005	0000000000000000	01	07	00000000	000	00	07	000
LIST:01	01201310120014	0100	0000000000	0000000000001243	0000000000001243	040E15A9500000      	20131021155511	000000000200	20161005	0000000000000000	01	07	00000000	000	00	07	000
LIST:01	01201310120014	0100	0000000000	0000000000001760	0000000000001760	04FB428D500000      	20131021155512	000000000200	20161005	0000000000000000	01	07	00000000	000	00	07	000
LIST:01	01201310120014	0100	0000000000	0000000000001771	0000000000001771	04C613A8500000      	20131021155513	000000000200	20161005	0000000000000000	01	07	00000000	000	00	07	000
LIST:01	01201310120014	0100	0000000000	0000000000001785	0000000000001785	04F3668D500000      	20131021155513	000000000200	20161005	0000000000000000	01	07	00000000	000	00	07	000
LIST:01	01201310120014	0100	0000000000	0000000000001738	0000000000001738	0481328D500000      	20131021155515	000000000200	20161005	0000000000000000	01	07	00000000	000	00	07	000
LIST:01	01201310120014	0100	0000000000	0000000000001763	0000000000001763	04ADFDA8500000      	20131021155515	000000000200	20161005	0000000000000000	01	07	00000000	000	00	07	000
LIST:01	01201310120014	0100	0000000000	0000000000001259	0000000000001259	04F7F48C500000      	20131021155516	000000000200	20161005	0000000000000000	01	07	00000000	000	00	07	000
LIST:01	01201310120014	0100	0000000000	0000000000001776	0000000000001776	0410F48C500000      	20131021155517	000000000200	20161005	0000000000000000	01	07	00000000	000	00	07	000
LIST:01	01201310120014	0100	0000000000	0000000000001783	0000000000001783	04223D8D500000      	20131021155518	000000000200	20161005	0000000000000000	01	07	00000000	000	00	07	000
LIST:01	01201310120014	0100	0000000000	0000000000001534	0000000000001534	04B07B8A500000      	20131021155518	000000000200	20161005	0000000000000000	01	07	00000000	000	00	07	000
LIST:01	01201310120014	0100	0000000000	0000000000001304	0000000000001304	0472A28A500000      	20131021155520	000000000200	20161005	0000000000000000	01	07	00000000	000	00	07	000
LIST:01	01201310120014	0100	0000000000	0000000000001552	0000000000001552	043B81A7500000      	20131021155520	000000000200	20161005	0000000000000000	01	07	00000000	000	00	07	000
LIST:01	01201310120014	0100	0000000000	0000000000001769	0000000000001769	04BECFA7500000      	20131021155521	000000000200	20161005	0000000000000000	01	07	00000000	000	00	07	000
LIST:01	01201310120014	0100	0000000000	0000000000001053	0000000000001053	0400FEA8500000      	20131021155522	000000000200	20161005	0000000000000000	01	07	00000000	000	00	07	000
LIST:01	01201310120014	0100	0000000000	0000000000001715	0000000000001715	041807A9500000      	20131021155523	000000000200	20161005	0000000000000000	01	07	00000000	000	00	07	000
LIST:01	01201310120014	0100	0000000000	0000000000003569	0000000000003569	041AFF8C500000      	20131021155523	000000000200	20161005	0000000000000000	01	07	00000000	000	00	07	000
LIST:01	01201310120014	0100	0000000000	0000000000001205	0000000000001205	04C6F28C500000      	20131021155525	000000000200	20161005	0000000000000000	01	07	00000000	000	00	07	000
LIST:01	01201310120014	0100	0000000000	0000000000001193	0000000000001193	049073A9500000      	20131021155526	000000000200	20161005	0000000000000000	01	07	00000000	000	00	07	000
LIST:01	01201310120014	0100	0000000000	0000000000001740	0000000000001740	046866A8500000      	20131021155526	000000000200	20161005	0000000000000000	01	07	00000000	000	00	07	000
LIST:01	01201310120014	0100	0000000000	0000000000003563	0000000000003563	046EBE8A500000      	20131021155528	000000000200	20161005	0000000000000000	01	07	00000000	000	00	07	000
LIST:01	01201310120014	0100	0000000000	0000000000001122	0000000000001122	0445DD8A500000      	20131021155528	000000000200	20161005	0000000000000000	01	07	00000000	000	00	07	000
LIST:01	01201310120014	0100	0000000000	0000000000003568	0000000000003568	04086A8D500000      	20131021155529	000000000200	20161005	0000000000000000	01	07	00000000	000	00	07	000
LIST:01	01201310120014	0100	0000000000	0000000000001713	0000000000001713	048C5A8D500000      	20131021155530	000000000200	20161005	0000000000000000	01	07	00000000	000	00	07	000
LIST:01	01201310120014	0100	0000000000	0000000000001232	0000000000001232	0466258D500000      	20131021155531	000000000200	20161005	0000000000000000	01	07	00000000	000	00	07	000
LIST:01	01201310120014	0100	0000000000	0000000000001726	0000000000001726	040707A9500000      	20131021155531	000000000200	20161005	0000000000000000	01	07	00000000	000	00	07	000
LIST:01	01201310120014	0100	0000000000	0000000000001720	0000000000001720	048A708D500000      	20131021155533	000000000200	20161005	0000000000000000	01	07	00000000	000	00	07	000
LIST:01	01201310120014	0100	0000000000	0000000000001710	0000000000001710	04496C8D500000      	20131021155533	000000000200	20161005	0000000000000000	01	07	00000000	000	00	07	000
LIST:01	01201310120014	0100	0000000000	0000000000001188	0000000000001188	04E48B69232580      	20131021155534	000000000200	20161005	0000000000000000	01	07	00000000	000	00	07	000
LIST:01	01201310120014	0100	0000000000	0000000000001709	0000000000001709	04C408A9500000      	20131021155536	000000000200	20161005	0000000000000000	01	07	00000000	000	00	07	000
LIST:01	01201310120014	0100	0000000000	0000000000000871	0000000000000871	046F2FA9500000      	20131021155536	000000000200	20161005	0000000000000000	01	07	00000000	000	00	07	000
LIST:01	01201310120014	0100	0000000000	0000000000001274	0000000000001274	040F09A9500000      	20131021155536	000000000200	20161005	0000000000000000	01	07	00000000	000	00	07	000
LIST:01	01201310120014	0100	0000000000	0000000000001739	0000000000001739	04664D8D500000      	20131021155538	000000000200	20161005	0000000000000000	01	07	00000000	000	00	07	000
LIST:01	01201310120014	0100	0000000000	0000000000001687	0000000000001687	041301A8500000      	20131021155539	000000000200	20161005	0000000000000000	01	07	00000000	000	00	07	000
LIST:01	01201310120014	0100	0000000000	0000000000001706	0000000000001706	0483F18C500000      	20131021155539	000000000200	20161005	0000000000000000	01	07	00000000	000	00	07	000
LIST:01	01201310120014	0100	0000000000	0000000000001164	0000000000001164	0445E0A7500000      	20131021155541	000000000200	20161005	0000000000000000	01	07	00000000	000	00	07	000
LIST:01	01201310120014	0100	0000000000	0000000000001704	0000000000001704	04F008A9500000      	20131021155541	000000000200	20161005	0000000000000000	01	07	00000000	000	00	07	000
LIST:01	01201310120014	0100	0000000000	0000000000001257	0000000000001257	0485CF8A500000      	20131021155542	000000000200	20161005	0000000000000000	01	07	00000000	000	00	07	000
LIST:01	01201310120014	0100	0000000000	0000000000001247	0000000000001247	04A71FA9500000      	20131021155543	000000000200	20161005	0000000000000000	01	07	00000000	000	00	07	000
LIST:01	01201310120014	0100	0000000000	0000000000001194	0000000000001194	0491D8A8500000      	20131021155544	000000000200	20161005	0000000000000000	01	07	00000000	000	00	07	000
LIST:01	01201310120014	0100	0000000000	0000000000003567	0000000000003567	04E063A9500000      	20131021155544	000000000200	20161005	0000000000000000	01	07	00000000	000	00	07	000
LIST:01	01201310120014	0100	0000000000	0000000000000909	0000000000000909	0469B6A7500000      	20131021155546	000000000200	20161005	0000000000000000	01	07	00000000	000	00	07	000
LIST:01	01201310120014	0100	0000000000	0000000000001694	0000000000001694	04B1DFA8500000      	20131021155546	000000000200	20161005	0000000000000000	01	07	00000000	000	00	07	000
LIST:01	01201310120014	0100	0000000000	0000000000001733	0000000000001733	04D538A9500000      	20131021155547	000000000200	20161005	0000000000000000	01	07	00000000	000	00	07	000
LIST:01	01201310120014	0100	0000000000	0000000000001107	0000000000001107	044FE0A8500000      	20131021155548	000000000200	20161005	0000000000000000	01	07	00000000	000	00	07	000
LIST:01	01201310120014	0100	0000000000	0000000000000914	0000000000000914	045B568D500000      	20131021155548	000000000200	20161005	0000000000000000	01	07	00000000	000	00	07	000
LIST:01	01201310120014	0100	0000000000	0000000000001750	0000000000001750	04237CA8500000      	20131021155549	000000000200	20161005	0000000000000000	01	07	00000000	000	00	07	000
LIST:01	01201310120014	0100	0000000000	0000000000001483	0000000000001483	0480328D500000      	20131021155550	000000000200	20161005	0000000000000000	01	07	00000000	000	00	07	000
LIST:01	01201310120014	0100	0000000000	0000000000000905	0000000000000905	0478618D500000      	20131021155551	000000000200	20161005	0000000000000000	01	07	00000000	000	00	07	000
LIST:01	01201310120014	0100	0000000000	0000000000003562	0000000000003562	04FD2E8D500000      	20131021155551	000000000200	20161005	0000000000000000	01	07	00000000	000	00	07	000
LIST:01	01201310120014	0100	0000000000	0000000000001203	0000000000001203	04E845A8500000      	20131021155553	000000000200	20161005	0000000000000000	01	07	00000000	000	00	07	000
LIST:01	01201310120014	0100	0000000000	0000000000001697	0000000000001697	04370E8D500000      	20131021155554	000000000200	20161005	0000000000000000	01	07	00000000	000	00	07	000
LIST:01	01201310120014	0100	0000000000	0000000000001752	0000000000001752	04DC60A7500000      	20131021155554	000000000200	20161005	0000000000000000	01	07	00000000	000	00	07	000
LIST:01	01201310120014	0100	0000000000	0000000000000918	0000000000000918	04F962A9500000      	20131021155555	000000000200	20161005	0000000000000000	01	07	00000000	000	00	07	000
LIST:01	01201310120014	0100	0000000000	0000000000001525	0000000000001525	04331FA9500000      	20131021155556	000000000200	20161005	0000000000000000	01	07	00000000	000	00	07	000
LIST:01	01201310120014	0100	0000000000	0000000000001251	0000000000001251	0411EAA7500000      	20131021155556	000000000200	20161005	0000000000000000	01	07	00000000	000	00	07	000
LIST:01	01201310120014	0100	0000000000	0000000000003558	0000000000003558	04596C8D500000      	20131021155558	000000000200	20161005	0000000000000000	01	07	00000000	000	00	07	000
LIST:01	01201310120014	0100	0000000000	0000000000001167	0000000000001167	044E4C8D500000      	20131021155558	000000000200	20161005	0000000000000000	01	07	00000000	000	00	07	000
LIST:01	01201310120014	0100	0000000000	0000000000001292	0000000000001292	04F570A9500000      	20131021155559	000000000200	20161005	0000000000000000	01	07	00000000	000	00	07	000
LIST:01	01201310120014	0100	0000000000	0000000000001131	0000000000001131	04EA88A7500000      	20131021155600	000000000200	20161005	0000000000000000	01	07	00000000	000	00	07	000
LIST:01	01201310120014	0100	0000000000	0000000010000007	0000000010000007	0435D0A7500000      	20131021155601	000000000200	20161005	0000000000000000	01	07	00000000	000	00	07	000
LIST:01	01201310120014	0100	0000000000	0000000000001744	0000000000001744	04CA748D500000      	20131021155601	000000000200	20161005	0000000000000000	01	07	00000000	000	00	07	000
LIST:01	01201310120014	0100	0000000000	0000000000001702	0000000000001702	047D788D500000      	20131021155603	000000000200	20161005	0000000000000000	01	07	00000000	000	00	07	000
LIST:01	01201310120014	0100	0000000000	0000000000001263	0000000000001263	040709A9500000      	20131021155603	000000000200	20161005	0000000000000000	01	07	00000000	000	00	07	000
LIST:01	01201310120014	0100	0000000000	0000000000002783	0000000000002783	042CE8A8500000      	20131021155604	000000000200	20161005	0000000000000000	01	07	00000000	000	00	07	000
LIST:01	01201310120014	0100	0000000000	0000000000003575	0000000000003575	0410E8A8500000      	20131021155605	000000000200	20161005	0000000000000000	01	07	00000000	000	00	07	000
LIST:01	01201310120014	0100	0000000000	0000000000001174	0000000000001174	04E888A7500000      	20131021155606	000000000200	20161005	0000000000000000	01	07	00000000	000	00	07	000
LIST:01	01201310120014	0100	0000000000	0000000000001237	0000000000001237	04B706A8500000      	20131021155606	000000000200	20161005	0000000000000000	01	07	00000000	000	00	07	000
LIST:01	01201310120014	0100	0000000000	0000000000001714	0000000000001714	0493A0A7500000      	20131021155608	000000000200	20161005	0000000000000000	01	07	00000000	000	00	07	000
LIST:01	01201310120014	0100	0000000000	0000000000001696	0000000000001696	0443B6A7500000      	20131021155608	000000000200	20161005	0000000000000000	01	07	00000000	000	00	07	000
LIST:01	01201310120014	0100	0000000000	0000000000001355	0000000000001355	048BD2A7500000      	20131021155609	000000000200	20161005	0000000000000000	01	07	00000000	000	00	07	000
LIST:01	01201310120014	0100	0000000000	0000000000001537	0000000000001537	045DE8A8500000      	20131021155610	000000000200	20161005	0000000000000000	01	07	00000000	000	00	07	000
LIST:01	01201310120014	0100	0000000000	0000000000001154	0000000000001154	0445408D500000      	20131021155611	000000000200	20161005	0000000000000000	01	07	00000000	000	00	07	000
LIST:01	01201310120014	0100	0000000000	0000000000001296	0000000000001296	047D7861232580      	20131021155611	000000000200	20161005	0000000000000000	01	07	00000000	000	00	07	000
LIST:01	01201310120014	0100	0000000000	0000000000001308	0000000000001308	04DEE7A8500000      	20131021155613	000000000200	20161005	0000000000000000	01	07	00000000	000	00	07	000
LIST:01	01201310120014	0100	0000000000	0000000000001321	0000000000001321	04C3508D500000      	20131021155613	000000000200	20161005	0000000000000000	01	07	00000000	000	00	07	000
LIST:01	01201310120014	0100	0000000000	0000000000001766	0000000000001766	049FED8C500000      	20131021155614	000000000200	20161005	0000000000000000	01	07	00000000	000	00	07	000
LIST:01	01201310120014	0100	0000000000	0000000000003557	0000000000003557	041A8EA7500000      	20131021155616	000000000200	20161005	0000000000000000	01	07	00000000	000	00	07	000
LIST:01	01201310120014	0100	0000000000	0000000000001093	0000000000001093	04AAA38A500000      	20131021155616	000000000200	20161005	0000000000000000	01	07	00000000	000	00	07	000
LIST:01	01201310120014	0100	0000000000	0000000000001730	0000000000001730	041F50A7500000      	20131021155616	000000000200	20161005	0000000000000000	01	07	00000000	000	00	07	000
LIST:01	01201310120014	0100	0000000000	0000000000003551	0000000000003551	04485AA8500000      	20131021155618	000000000200	20161005	0000000000000000	01	07	00000000	000	00	07	000
LIST:01	01201310120014	0100	0000000000	0000000000001057	0000000000001057	04778FA8500000      	20131021155619	000000000200	20161005	0000000000000000	01	07	00000000	000	00	07	000
LIST:01	01201310120014	0100	0000000000	0000000000001731	0000000000001731	04DE08A9500000      	20131021155619	000000000200	20161005	0000000000000000	01	07	00000000	000	00	07	000
LIST:01	01201310120014	0100	0000000000	0000000000001732	0000000000001732	042C07A9500000      	20131021155621	000000000200	20161005	0000000000000000	01	07	00000000	000	00	07	000
LIST:01	01201310120014	0100	0000000000	0000000000003555	0000000000003555	04C7F28C500000      	20131021155621	000000000200	20161005	0000000000000000	01	07	00000000	000	00	07	000
LIST:01	01201310120014	0100	0000000000	0000000000001735	0000000000001735	04534EA7500000      	20131021155622	000000000200	20161005	0000000000000000	01	07	00000000	000	00	07	000
LIST:01	01201310120014	0100	0000000000	0000000000001759	0000000000001759	04E5A3A7500000      	20131021155623	000000000200	20161005	0000000000000000	01	07	00000000	000	00	07	000
LIST:01	01201310120014	0100	0000000000	0000000000001085	0000000000001085	04C3FE8C500000      	20131021155624	000000000200	20161005	0000000000000000	01	07	00000000	000	00	07	000
LIST:01	01201310120014	0100	0000000000	0000000000001765	0000000000001765	04EE9EA7500000      	20131021155624	000000000200	20161005	0000000000000000	01	07	00000000	000	00	07	000
LIST:01	01201310120014	0100	0000000000	0000000000003571	0000000000003571	04D32DA8500000      	20131021155626	000000000200	20161005	0000000000000000	01	07	00000000	000	00	07	000
LIST:01	01201310120014	0100	0000000000	0000000000003566	0000000000003566	046B9AA8500000      	20131021155626	000000000200	20161005	0000000000000000	01	07	00000000	000	00	07	000
LIST:01	01201310120014	0100	0000000000	0000000000001544	0000000000001544	04062E8D500000      	20131021155627	000000000200	20161005	0000000000000000	01	07	00000000	000	00	07	000
LIST:01	01201310120014	0100	0000000000	0000000000001075	0000000000001075	0466A1A8500000      	20131021155628	000000000200	20161005	0000000000000000	01	07	00000000	000	00	07	000
LIST:01	01201310120014	0100	0000000000	0000000000001265	0000000000001265	04641FA9500000      	20131021155629	000000000200	20161005	0000000000000000	01	07	00000000	000	00	07	000
LIST:01	01201310120014	0100	0000000000	0000000000001782	0000000000001782	04453B8D500000      	20131021155629	000000000200	20161005	0000000000000000	01	07	00000000	000	00	07	000
LIST:01	01201310120014	0100	0000000000	0000000000003347	0000000000003347	04FED8A7500000      	20131021155631	000000000200	20161005	0000000000000000	01	07	00000000	000	00	07	000
LIST:01	01201310120014	0100	0000000000	0000000000001228	0000000000001228	04D6248D500000      	20131021155631	000000000200	20161005	0000000000000000	01	07	00000000	000	00	07	000
LIST:01	01201310120014	0100	0000000000	0000000000003565	0000000000003565	04A901A8500000      	20131021155632	000000000200	20161005	0000000000000000	01	07	00000000	000	00	07	000
LIST:01	01201310120014	0100	0000000000	0000000000001749	0000000000001749	0417E8A8500000      	20131021155633	000000000200	20161005	0000000000000000	01	07	00000000	000	00	07	000
LIST:01	01201310120014	0100	0000000000	0000000000001100	0000000000001100	041D8E8A500000      	20131021155634	000000000200	20161005	0000000000000000	01	07	00000000	000	00	07	000
LIST:01	01201310120014	0100	0000000000	0000000000001165	0000000000001165	04EBED8C500000      	20131021155634	000000000200	20161005	0000000000000000	01	07	00000000	000	00	07	000
LIST:01	01201310120014	0100	0000000000	0000000000001686	0000000000001686	048A1EB7500000      	20131021155636	000000000200	20161005	0000000000000000	01	07	00000000	000	00	07	000
LIST:01	01201310120014	0100	0000000000	0000000000001741	0000000000001741	0472258D500000      	20131021155636	000000000200	20161005	0000000000000000	01	07	00000000	000	00	07	000
LIST:01	01201310120014	0100	0000000000	0000000000001564	0000000000001564	0440A169232580      	20131021155637	000000000200	20161005	0000000000000000	01	07	00000000	000	00	07	000
LIST:01	01201310120014	0100	0000000000	0000000000003550	0000000000003550	04814D8D500000      	20131021155639	000000000200	20161005	0000000000000000	01	07	00000000	000	00	07	000
LIST:01	01201310120014	0100	0000000000	0000000000001717	0000000000001717	049A1FA9500000      	20131021155639	000000000200	20161005	0000000000000000	01	07	00000000	000	00	07	000
LIST:01	01201310120014	0100	0000000000	0000000000001271	0000000000001271	04F47E8D500000      	20131021155640	000000000200	20161005	0000000000000000	01	07	00000000	000	00	07	000
LIST:01	01201310120014	0100	0000000000	0000000000000957	0000000000000957	048348A7500000      	20131021155641	000000000200	20161005	0000000000000000	01	07	00000000	000	00	07	000
LIST:01	01201310120014	0100	0000000000	0000000000001347	0000000000001347	043C3CA8500000      	20131021155642	000000000200	20161005	0000000000000000	01	07	00000000	000	00	07	000
LIST:01	01201310120014	0100	0000000000	0000000000003560	0000000000003560	0442A58A500000      	20131021155642	000000000200	20161005	0000000000000000	01	07	00000000	000	00	07	000
LIST:01	01201310120014	0100	0000000000	0000000000000973	0000000000000973	047CA6A7500000      	20131021155644	000000000200	20161005	0000000000000000	01	07	00000000	000	00	07	000
LIST:01	01201310120014	0100	0000000000	0000000000003576	0000000000003576	04855A8D500000      	20131021155644	000000000200	20161005	0000000000000000	01	07	00000000	000	00	07	000
LIST:01	01201310120014	0100	0000000000	0000000000001521	0000000000001521	04CA5AA8500000      	20131021155645	000000000200	20161005	0000000000000000	01	07	00000000	000	00	07	000
LIST:01	01201310120014	0100	0000000000	0000000000001780	0000000000001780	04B951A9500000      	20131021155646	000000000200	20161005	0000000000000000	01	07	00000000	000	00	07	000
LIST:01	01201310120014	0100	0000000000	0000000000001768	0000000000001768	040E1D8D500000      	20131021155647	000000000200	20161005	0000000000000000	01	07	00000000	000	00	07	000
LIST:01	01201310120014	0100	0000000000	0000000000001777	0000000000001777	04E6328D500000      	20131021155647	000000000200	20161005	0000000000000000	01	07	00000000	000	00	07	000
LIST:01	01201310120014	0100	0000000000	0000000000001772	0000000000001772	04AE6F8D500000      	20131021155649	000000000200	20161005	0000000000000000	01	07	00000000	000	00	07	000
LIST:01	01201310120014	0100	0000000000	0000000000001472	0000000000001472	046D8C8A500000      	20131021155650	000000000200	20161005	0000000000000000	01	07	00000000	000	00	07	000
LIST:01	01201310120014	0100	0000000000	0000000000001209	0000000000001209	0493098D500000      	20131021155650	000000000200	20161005	0000000000000000	01	07	00000000	000	00	07	000
LIST:01	01201310120014	0100	0000000000	0000000000001114	0000000000001114	04330C8D500000      	20131021155652	000000000200	20161005	0000000000000000	01	07	00000000	000	00	07	000
LIST:01	01201310120014	0100	0000000000	0000000000001746	0000000000001746	04A0718D500000      	20131021155652	000000000200	20161005	0000000000000000	01	07	00000000	000	00	07	000
LIST:01	01201310120014	0100	0000000000	0000000000001235	0000000000001235	046181A7500000      	20131021155653	000000000200	20161005	0000000000000000	01	07	00000000	000	00	07	000
LIST:01	01201310120014	0100	0000000000	0000000000001737	0000000000001737	046EC2A7500000      	20131021155654	000000000200	20161005	0000000000000000	01	07	00000000	000	00	07	000
LIST:01	01201310120014	0100	0000000000	0000000000001240	0000000000001240	0495068D500000      	20131021155655	000000000200	20161005	0000000000000000	01	07	00000000	000	00	07	000
LIST:01	01201310120014	0100	0000000000	0000000000001430	0000000000001430	04895DA8500000      	20131021155655	000000000200	20161005	0000000000000000	01	07	00000000	000	00	07	000
LIST:01	01201310120014	0100	0000000000	0000000000001718	0000000000001718	0413708D500000      	20131021155657	000000000200	20161005	0000000000000000	01	07	00000000	000	00	07	000
LIST:01	01201310120014	0100	0000000000	0000000000001108	0000000000001108	04B66BA8500000      	20131021155657	000000000200	20161005	0000000000000000	01	07	00000000	000	00	07	000
LIST:01	01201310120014	0100	0000000000	0000000000001761	0000000000001761	048A5E8D500000      	20131021155658	000000000200	20161005	0000000000000000	01	07	00000000	000	00	07	000
LIST:01	01201310120014	0100	0000000000	0000000000001275	0000000000001275	048BA28A500000      	20131021155659	000000000200	20161005	0000000000000000	01	07	00000000	000	00	07	000
LIST:01	01201310120014	0100	0000000000	0000000010000007	0000000010000007	0449408D500000      	20131021155700	000000000200	20161005	0000000000000000	01	07	00000000	000	00	07	000
LIST:01	01201310120014	0100	0000000000	0000000000001778	0000000000001778	047C00A8500000      	20131021155700	000000000200	20161005	0000000000000000	01	07	00000000	000	00	07	000
LIST:01	01201310120014	0100	0000000000	0000000000001340	0000000000001340	044459A9500000      	20131021155702	000000000200	20161005	0000000000000000	01	07	00000000	000	00	07	000
LIST:01	01201310120014	0100	0000000000	0000000000001716	0000000000001716	048B84A7500000      	20131021155703	000000000200	20161005	0000000000000000	01	07	00000000	000	00	07	000
LIST:01	01201310120014	0100	0000000000	0000000010000007	0000000010000007	048E868A500000      	20131021155713	000000000200	20161005	0000000000000000	01	07	00000000	000	00	07	000
LIST:01	01201310120014	0100	0000000000	0000000000001438	0000000000001438	048D00A8500000      	20131021155713	000000000200	20161005	0000000000000000	01	07	00000000	000	00	07	000
LIST:01	01201310120014	0100	0000000000	0000000000001249	0000000000001249	047269A8500000      	20131021155715	000000000200	20161005	0000000000000000	01	07	00000000	000	00	07	000
LIST:01	01201310120014	0100	0000000000	0000000000001712	0000000000001712	04C57B8A500000      	20131021155715	000000000200	20161005	0000000000000000	01	07	00000000	000	00	07	000
LIST:01	01201310120014	0100	0000000000	0000000000001221	0000000000001221	04D1F98C500000      	20131021155717	000000000200	20161005	0000000000000000	01	07	00000000	000	00	07	000
LIST:01	01201310120014	0100	0000000000	0000000000003554	0000000000003554	0419378D500000      	20131021155717	000000000200	20161005	0000000000000000	01	07	00000000	000	00	07	000
LIST:01	01201310120014	0100	0000000000	0000000000003556	0000000000003556	0437278D500000      	20131021155719	000000000200	20161005	0000000000000000	01	07	00000000	000	00	07	000
LIST:01	01201310120014	0100	0000000000	0000000000001762	0000000000001762	04C801A8500000      	20131021155719	000000000200	20161005	0000000000000000	01	07	00000000	000	00	07	000
LIST:01	01201310120014	0100	0000000000	0000000000001229	0000000000001229	046D058D500000      	20131021155721	000000000200	20161005	0000000000000000	01	07	00000000	000	00	07	000
LIST:01	01201310120014	0100	0000000000	0000000000001291	0000000000001291	04171E8D500000      	20131021155722	000000000200	20161005	0000000000000000	01	07	00000000	000	00	07	000
LIST:01	01201310120014	0100	0000000000	0000000000001245	0000000000001245	04A1128D500000      	20131021155723	000000000200	20161005	0000000000000000	01	07	00000000	000	00	07	000
LIST:01	01201310120014	0100	0000000000	0000000000001748	0000000000001748	042707A9500000      	20131021155724	000000000200	20161005	0000000000000000	01	07	00000000	000	00	07	000
LIST:01	01201310120014	0100	0000000000	0000000000003316	0000000000003316	04AF268D500000      	20131021155725	000000000200	20161005	0000000000000000	01	07	00000000	000	00	07	000
LIST:01	01201310120014	0100	0000000000	0000000000001117	0000000000001117	044A798D500000      	20131021155726	000000000200	20161005	0000000000000000	01	07	00000000	000	00	07	000
LIST:01	01201310120014	0100	0000000000	0000000000001707	0000000000001707	0414F38C500000      	20131021155727	000000000200	20161005	0000000000000000	01	07	00000000	000	00	07	000
LIST:01	01201310120014	0100	0000000000	0000000000001719	0000000000001719	04733C8D500000      	20131021155728	000000000200	20161005	0000000000000000	01	07	00000000	000	00	07	000
LIST:01	01201310120014	0100	0000000000	0000000000001246	0000000000001246	041EEF8C500000      	20131021155729	000000000200	20161005	0000000000000000	01	07	00000000	000	00	07	000
LIST:01	01201310120014	0100	0000000000	0000000000001244	0000000000001244	04E4B58A500000      	20131021155730	000000000200	20161005	0000000000000000	01	07	00000000	000	00	07	000
LIST:01	01201310120014	0100	0000000000	0000000000001756	0000000000001756	04CB596A831E80      	20131021155731	000000000200	20161005	0000000000000000	01	07	00000000	000	00	07	000
LIST:01	01201310120014	0100	0000000000	0000000000003570	0000000000003570	049BDAA8500000      	20131021155732	000000000200	20161005	0000000000000000	01	07	00000000	000	00	07	000
LIST:01	01201310120014	0100	0000000000	0000000000001524	0000000000001524	04386B8D500000      	20131021155733	000000000200	20161005	0000000000000000	01	07	00000000	000	00	07	000
LIST:01	01201310120014	0100	0000000000	0000000000001705	0000000000001705	044F4D8D500000      	20131021155734	000000000200	20161005	0000000000000000	01	07	00000000	000	00	07	000
LIST:01	01201310120014	0100	0000000000	0000000000003552	0000000000003552	0447F7A7500000      	20131021155736	000000000200	20161005	0000000000000000	01	07	00000000	000	00	07	000
LIST:01	01201310120014	0100	0000000000	0000000000001754	0000000000001754	044A6D8D500000      	20131021155736	000000000200	20161005	0000000000000000	01	07	00000000	000	00	07	000
LIST:01	01201310120014	0100	0000000000	0000000000001742	0000000000001742	0495288D500000      	20131021155737	000000000200	20161005	0000000000000000	01	07	00000000	000	00	07	000
LIST:01	01201310120014	0100	0000000000	0000000000001231	0000000000001231	04114D8D500000      	20131021155738	000000000200	20161005	0000000000000000	01	07	00000000	000	00	07	000
LIST:01	01201310120014	0100	0000000000	0000000000001254	0000000000001254	041FFE8C500000      	20131021155740	000000000200	20161005	0000000000000000	01	07	00000000	000	00	07	000
LIST:01	01201310120014	0100	0000000000	0000000000001172	0000000000001172	04BBFEA7500000      	20131021155740	000000000200	20161005	0000000000000000	01	07	00000000	000	00	07	000
LIST:01	01201310120014	0100	0000000000	0000000000000859	0000000000000859	047A6BA8500000      	20131021155742	000000000200	20161005	0000000000000000	01	07	00000000	000	00	07	000
LIST:01	01201310120014	0100	0000000000	0000000000001724	0000000000001724	04FB7A8D500000      	20131021155752	000000000200	20161005	0000000000000000	01	07	00000000	000	00	07	000
LIST:01	01201310120014	0100	0000000000	0000000000001422	0000000000001422	040F74A7500000      	20131021155754	000000000200	20161005	0000000000000000	01	07	00000000	000	00	07	000
CRC:8a68411c