STAT:02	02201310160007	000000000015	000000000014	000000000000	000000000001	20131016154039	3	                                        
LISTNUM:000000000014
LIST:02	02201310160007	0200	0000000000	9000000011000029	9000000011000029	2289E6E0000000      	20131016153810	000000003000	20131030	0000000000000000	00	00	00000000	000	00	00	000
LIST:02	02201310160007	0200	0000000000	9000000010000010	9000000010000010	F41968B0000000      	20131016153815	000000003000	20131030	0000000000000000	00	00	00000000	000	00	00	000
LIST:02	02201310160007	0200	0000000000	9000000010000010	9000000010000010	8DF467B0000000      	20131016153819	000000003000	20131030	0000000000000000	00	00	00000000	000	00	00	000
LIST:02	02201310160007	0200	0000000000	9000000011000015	9000000011000015	E67FE6E0000000      	20131016153831	000000003000	20131030	0000000000000000	00	00	00000000	000	00	00	000
LIST:02	02201310160007	0200	0000000000	9000000011000025	9000000011000025	D30268B0000000      	20131016153836	000000003000	20131030	0000000000000000	00	00	00000000	000	00	00	000
LIST:02	02201310160007	0200	0000000000	9000000011000020	9000000011000020	2188E6E0000000      	20131016153840	000000003000	20131030	0000000000000000	00	00	00000000	000	00	00	000
LIST:02	02201310160007	0200	0000000000	9000000011000017	9000000011000017	6B88E6E0000000      	20131016153845	000000003000	20131030	0000000000000000	00	00	00000000	000	00	00	000
LIST:02	02201310160007	0200	0000000000	9000000011000027	9000000011000027	5D7DE6E0000000      	20131016154007	000000003000	20131030	0000000000000000	00	00	00000000	000	00	00	000
LIST:02	02201310160007	0200	0000000000	9000000011000026	9000000011000026	570268B0000000      	20131016154012	000000003000	20131030	0000000000000000	00	00	00000000	000	00	00	000
LIST:02	02201310160007	0200	0000000000	9000000011000016	9000000011000016	167DE6E0000000      	20131016154016	000000003000	20131030	0000000000000000	00	00	00000000	000	00	00	000
LIST:02	02201310160007	0200	0000000000	9000000011000023	9000000011000023	4EEE67B0000000      	20131016154020	000000003000	20131030	0000000000000000	00	00	00000000	000	00	00	000
LIST:02	02201310160007	0200	0000000000	9000000011000019	9000000011000019	CDEF67B0000000      	20131016154028	000000003000	20131030	0000000000000000	00	00	00000000	000	00	00	000
LIST:02	02201310160007	0200	0000000000	9000000010000010	9000000010000010	240F68B0000000      	20131016154032	000000003000	20131030	0000000000000000	00	00	00000000	000	00	00	000
LIST:02	02201310160007	0200	0000000000	9000000011000011	9000000011000011	8684E6E0000000      	20131016154037	000000003000	20131030	0000000000000000	00	00	00000000	000	00	00	000
CRC:7174047f