00	00005678900000	0101	0000000001	2100000000000001	2100000000000001	A0000000000000000001	2013-06-20 15:45:01	2000	20130416	0000000000000001	06	17	00000000	000	00	00	000
00	00005678900000	0101	0000000001	2100000000000001	2100000000000001	A0000000000000000001	2013-06-20 15:45:01	2000	20130416	0000000000000001	06	17	00000000	000	00	00	000
00	00005678900000	0101	0000000001	2100000000000001	2100000000000001	A0000000000000000001	2013-06-20 15:45:01	2000	20130416	0000000000000001	06	17	00000000	000	00	00	000
00	00005678900000	0101	0000000001	2100000000000001	2100000000000001	A0000000000000000001	2013-06-20 15:45:13	2000	20130416	0000000000000001	06	17	00000000	000	00	00	000
00	00005678900000	0101	0000000001	2100000000000001	2100000000000001	A0000000000000000001	2013-06-20 15:45:13	2000	20130416	0000000000000001	06	17	00000000	000	00	00	000
00	00005678900000	0101	0000000001	2100000000000001	2100000000000001	A0000000000000000001	2013-06-20 15:45:14	2000	20130416	0000000000000001	06	17	00000000	000	00	00	000
00	00005678900000	0101	0000000001	2100000000000001	2100000000000001	A0000000000000000001	2013-06-20 15:45:25	2000	20130416	0000000000000001	06	17	00000000	000	00	00	000
00	00005678900000	0101	0000000001	2100000000000001	2100000000000001	A0000000000000000001	2013-06-20 15:45:26	2000	20130416	0000000000000001	06	17	00000000	000	00	00	000
00	00005678900000	0101	0000000001	2100000000000001	2100000000000001	A0000000000000000001	2013-06-20 15:45:26	2000	20130416	0000000000000001	06	17	00000000	000	00	00	000
00	00005678900000	0101	0000000001	2100000000000001	2100000000000001	A0000000000000000001	2013-06-20 15:45:36	2000	20130416	0000000000000001	06	17	00000000	000	00	00	000
00	00005678900000	0101	0000000001	2100000000000001	2100000000000001	A0000000000000000001	2013-06-20 15:45:36	2000	20130416	0000000000000001	06	17	00000000	000	00	00	000
00	00005678900000	0101	0000000001	2100000000000001	2100000000000001	A0000000000000000001	2013-06-20 15:45:36	2000	20130416	0000000000000001	06	17	00000000	000	00	00	000
00	00005678900000	0101	0000000001	2100000000000001	2100000000000001	A0000000000000000001	2013-06-20 15:45:47	2000	20130416	0000000000000001	06	17	00000000	000	00	00	000
00	00005678900000	0101	0000000001	2100000000000001	2100000000000001	A0000000000000000001	2013-06-20 15:45:48	2000	20130416	0000000000000001	06	17	00000000	000	00	00	000
00	00005678900000	0101	0000000001	2100000000000001	2100000000000001	A0000000000000000001	2013-06-20 15:45:50	2000	20130416	0000000000000001	06	17	00000000	000	00	00	000
00	00005678900000	0101	0000000001	2100000000000001	2100000000000001	A0000000000000000001	2013-06-20 15:45:59	2000	20130416	0000000000000001	06	17	00000000	000	00	00	000
00	00005678900000	0101	0000000001	2100000000000001	2100000000000001	A0000000000000000001	2013-06-20 15:46:00	2000	20130416	0000000000000001	06	17	00000000	000	00	00	000
00	00005678900000	0101	0000000001	2100000000000001	2100000000000001	A0000000000000000001	2013-06-20 15:46:01	2000	20130416	0000000000000001	06	17	00000000	000	00	00	000
00	00005678900000	0101	0000000001	2100000000000001	2100000000000001	A0000000000000000001	2013-06-20 15:46:10	2000	20130416	0000000000000001	06	17	00000000	000	00	00	000
00	00005678900000	0101	0000000001	2100000000000001	2100000000000001	A0000000000000000001	2013-06-20 15:46:12	2000	20130416	0000000000000001	06	17	00000000	000	00	00	000
00	00005678900000	0101	0000000001	2100000000000001	2100000000000001	A0000000000000000001	2013-06-20 15:46:12	2000	20130416	0000000000000001	06	17	00000000	000	00	00	000
00	00005678900000	0101	0000000001	2100000000000001	2100000000000001	A0000000000000000001	2013-06-20 15:46:21	2000	20130416	0000000000000001	06	17	00000000	000	00	00	000
00	00005678900000	0101	0000000001	2100000000000001	2100000000000001	A0000000000000000001	2013-06-20 15:46:24	2000	20130416	0000000000000001	06	17	00000000	000	00	00	000
00	00005678900000	0101	0000000001	2100000000000001	2100000000000001	A0000000000000000001	2013-06-20 15:46:35	2000	20130416	0000000000000001	06	17	00000000	000	00	00	000
00	00005678900000	0101	0000000001	2100000000000001	2100000000000001	A0000000000000000001	2013-06-20 15:46:54	2000	20130416	0000000000000001	06	17	00000000	000	00	00	000
00	00005678900000	0101	0000000001	2100000000000001	2100000000000001	A0000000000000000001	2013-06-20 15:46:57	2000	20130416	0000000000000001	06	17	00000000	000	00	00	000
00	00005678900000	0101	0000000001	2100000000000001	2100000000000001	A0000000000000000001	2013-06-20 15:46:58	2000	20130416	0000000000000001	06	17	00000000	000	00	00	000
00	00005678900000	0101	0000000001	2100000000000001	2100000000000001	A0000000000000000001	2013-06-20 15:47:06	2000	20130416	0000000000000001	06	17	00000000	000	00	00	000
00	00005678900000	0101	0000000001	2100000000000001	2100000000000001	A0000000000000000001	2013-06-20 15:47:08	2000	20130416	0000000000000001	06	17	00000000	000	00	00	000
00	00005678900000	0101	0000000001	2100000000000001	2100000000000001	A0000000000000000001	2013-06-20 15:47:10	2000	20130416	0000000000000001	06	17	00000000	000	00	00	000
00	00005678900000	0101	0000000001	2100000000000001	2100000000000001	A0000000000000000001	2013-06-20 15:47:18	2000	20130416	0000000000000001	06	17	00000000	000	00	00	000
00	00005678900000	0101	0000000001	2100000000000001	2100000000000001	A0000000000000000001	2013-06-20 15:47:21	2000	20130416	0000000000000001	06	17	00000000	000	00	00	000
00	00005678900000	0101	0000000001	2100000000000001	2100000000000001	A0000000000000000001	2013-06-20 15:47:22	2000	20130416	0000000000000001	06	17	00000000	000	00	00	000
00	00005678900000	0101	0000000001	2100000000000001	2100000000000001	A0000000000000000001	2013-06-20 15:47:31	2000	20130416	0000000000000001	06	17	00000000	000	00	00	000
00	00005678900000	0101	0000000001	2100000000000001	2100000000000001	A0000000000000000001	2013-06-20 15:47:34	2000	20130416	0000000000000001	06	17	00000000	000	00	00	000
00	00005678900000	0101	0000000001	2100000000000001	2100000000000001	A0000000000000000001	2013-06-20 15:47:35	2000	20130416	0000000000000001	06	17	00000000	000	00	00	000
00	00005678900000	0101	0000000001	2100000000000001	2100000000000001	A0000000000000000001	2013-06-20 15:47:41	2000	20130416	0000000000000001	06	17	00000000	000	00	00	000
00	00005678900000	0101	0000000001	2100000000000001	2100000000000001	A0000000000000000001	2013-06-20 15:47:44	2000	20130416	0000000000000001	06	17	00000000	000	00	00	000
00	00005678900000	0101	0000000001	2100000000000001	2100000000000001	A0000000000000000001	2013-06-20 15:47:45	2000	20130416	0000000000000001	06	17	00000000	000	00	00	000
00	00005678900000	0101	0000000001	2100000000000001	2100000000000001	A0000000000000000001	2013-06-20 15:47:54	2000	20130416	0000000000000001	06	17	00000000	000	00	00	000
00	00005678900000	0101	0000000001	2100000000000001	2100000000000001	A0000000000000000001	2013-06-20 15:47:55	2000	20130416	0000000000000001	06	17	00000000	000	00	00	000
00	00005678900000	0101	0000000001	2100000000000001	2100000000000001	A0000000000000000001	2013-06-20 15:47:57	2000	20130416	0000000000000001	06	17	00000000	000	00	00	000
00	00005678900000	0101	0000000001	2100000000000001	2100000000000001	A0000000000000000001	2013-06-20 15:48:05	2000	20130416	0000000000000001	06	17	00000000	000	00	00	000
00	00005678900000	0101	0000000001	2100000000000001	2100000000000001	A0000000000000000001	2013-06-20 15:48:07	2000	20130416	0000000000000001	06	17	00000000	000	00	00	000
00	00005678900000	0101	0000000001	2100000000000001	2100000000000001	A0000000000000000001	2013-06-20 15:48:10	2000	20130416	0000000000000001	06	17	00000000	000	00	00	000
00	00005678900000	0101	0000000001	2100000000000001	2100000000000001	A0000000000000000001	2013-06-20 15:48:18	2000	20130416	0000000000000001	06	17	00000000	000	00	00	000
00	00005678900000	0101	0000000001	2100000000000001	2100000000000001	A0000000000000000001	2013-06-20 15:48:19	2000	20130416	0000000000000001	06	17	00000000	000	00	00	000
00	00005678900000	0101	0000000001	2100000000000001	2100000000000001	A0000000000000000001	2013-06-20 15:48:22	2000	20130416	0000000000000001	06	17	00000000	000	00	00	000
00	00005678900000	0101	0000000001	2100000000000001	2100000000000001	A0000000000000000001	2013-06-20 15:48:30	2000	20130416	0000000000000001	06	17	00000000	000	00	00	000
00	00005678900000	0101	0000000001	2100000000000001	2100000000000001	A0000000000000000001	2013-06-20 15:48:31	2000	20130416	0000000000000001	06	17	00000000	000	00	00	000
00	00005678900000	0101	0000000001	2100000000000001	2100000000000001	A0000000000000000001	2013-06-20 15:48:33	2000	20130416	0000000000000001	06	17	00000000	000	00	00	000
00	00005678900000	0101	0000000001	2100000000000001	2100000000000001	A0000000000000000001	2013-06-20 15:48:41	2000	20130416	0000000000000001	06	17	00000000	000	00	00	000
00	00005678900000	0101	0000000001	2100000000000001	2100000000000001	A0000000000000000001	2013-06-20 15:48:42	2000	20130416	0000000000000001	06	17	00000000	000	00	00	000
