00201309030002|0201|学生普通储值票|20130903|0|0|||00000340|00043920|20130903|100|0|100|0|000|00|00|00000000|000|00|00|000
00201309030002|0201|学生普通储值票|20130903|0|0|||00000340|00043920|20130903|100|80|20|0|000|00|00|00000000|000|00|00|000
00201309030002|0201|学生普通储值票|20130903|0|0|||00000340|00043920|20130903|10|10|0|0|000|00|00|00000000|000|00|00|000
00201309030003|0201|学生普通储值票|20130903|0|0|||00000340|00043920|20130903|10|10|0|0|000|00|00|00000000|000|00|00|000
00201309220002|0201|学生普通储值票|20140901|5000|0|||00000895|00091420|20130922|20|20|0|0|000|00|00|00000000|000|00|00|000
00201309220002|0201|学生普通储值票|20140901|5000|0|||00000895|00091420|20130922|20|20|0|0|000|00|00|00000000|000|00|00|000
00201309220002|0201|学生普通储值票|20140901|5000|0|||00000895|00091420|20130922|20|20|0|0|000|00|00|00000000|000|00|00|000
00201309220004|0200|成人普通储值票|20130924|3000|0|||00000007|00001620|20130922|10|0|31|-21|000|00|00|00000000|000|00|00|000
00201309220005|0202|老人免费储值票|20130922|1200|0|||00000001|00001520|20130922|15|15|0|0|000|00|00|00000000|000|00|00|000
00201309220006|0200|成人普通储值票|20130923|1200|0|||00000017|00002720|20130922|11|10|1|0|000|00|00|00000000|000|00|00|000
00201310090002|0100|普通成人单程票|20181030|1200|0|||00000303|00031220|20131009|10|10|0|0|000|00|00|00000000|000|00|00|000
00201310100001|0100|普通成人单程票|20161024|3000|0|||00000313|00033220|20131010|20|20|0|0|000|00|00|00000000|000|00|00|000
00201310100002|0100|普通成人单程票|20171002|3000|0|||00000333|00035720|20131010|25|24|1|0|000|00|00|00000000|000|00|00|000
00201310100007|0100|普通成人单程票|20131016|800|0|||00000501|00051620|20131010|16|16|0|0|000|00|00|00000000|000|00|00|000
00201310100008|0100|普通成人单程票|20131028|5000|0|||00000517|00056620|20131010|50|50|0|0|000|00|00|00000000|000|00|00|000
00201310100009|0100|普通成人单程票|20131010|0|0|||00000322|00037120|20131010|50|50|0|0|002|00|00|00000000|000|00|00|000
00201310100012|0100|普通成人单程票|20141008|400|0|||00000402|00042120|20131010|20|20|0|0|002|00|00|00000000|000|00|00|000
00201310100011|0100|普通成人单程票|20181010|0|0|||00000372|00040120|20131010|30|30|0|0|002|00|00|00000000|000|00|00|000
00201310100014|0100|普通成人单程票|20141007|0|0|||00000422|00045120|20131010|30|30|0|0|002|00|00|00000000|000|00|00|000
00201310100016|0100|普通成人单程票|20131024|1200|0|||00000567|00058120|20131010|15|15|0|0|000|00|00|00000000|000|00|00|000
00201310100015|0100|普通成人单程票|20151014|0|0|||00000452|00050120|20131010|50|50|0|0|002|00|00|00000000|000|00|00|000
00201310100017|0100|普通成人单程票|20131010|200|0|||00000582|00059120|20131010|10|10|0|0|000|00|00|00000000|000|00|00|000
00201310100018|0100|普通成人单程票|20131011|3000|0|||00000592|00060320|20131010|12|12|0|0|000|00|00|00000000|000|00|00|000
00201310100019|0100|普通成人单程票|20131017|1200|0|||00000604|00062320|20131010|20|20|0|0|000|00|00|00000000|000|00|00|000
00201310100020|0100|普通成人单程票|20131031|900|0|||00000624|00064320|20131010|20|20|0|0|000|00|00|00000000|000|00|00|000
00201310100021|0100|普通成人单程票|20131030|1200|0|||00000644|00065520|20131010|12|12|0|0|000|00|00|00000000|000|00|00|000
01201310100013|0100|普通成人单程票|20171010|200|0||||20|20131010|20|0|20|0|002|01|01|00000000|000|00|01|000
01201310100010|0100|普通成人单程票|20141010|200|0||||20|20131010|30|28|2|0|002|00|00|00000000|000|00|00|000
01201310100022|0100|普通成人单程票|20131030|5000|0||||20|20131010|20|20|0|0|000|01|01|00000000|000|00|01|000
01201310100023|0100|普通成人单程票|20131011|1100|0||||20|20131010|15|15|0|0|000|00|00|00000000|000|00|00|000
00201310120012|0100|普通成人单程票|20161012|0|0|||00003202|00350120|20131012|300|123|177|0|002|00|00|00000000|000|00|00|000
00201310180003|0100|普通成人单程票|20131021|1200|0|||00000676|00097520|20131018|300|248|52|0|000|00|00|00000000|000|00|00|000
00201310180004|0100|普通成人单程票|20131021|1200|0|||00000976|00127520|20131018|300|260|40|0|000|00|00|00000000|000|00|00|000
00201310180009|0100|普通成人单程票|20131021|3000|0|||00001686|00178520|20131018|100|100|0|0|000|00|00|00000000|000|00|00|000
00201310180013|0100|普通成人单程票|20141030|200|0|||00003547|00357620|20131018|30|30|0|0|002|00|00|00000000|000|00|00|000
01201310120014|0100|普通成人单程票|20161005|200|0||||20|20131012|300|287|13|0|002|01|07|00000000|000|00|07|000
02201310180011|0100|普通成人单程票|20151020|800|0||||20|20131018|30|10|0|20|002|00|00|00000000|000|00|00|000
00201310220003|0100|普通成人单程票|20151020|0|0|||00003597|00364620|20131022|50|18|0|32|002|00|00|00000000|000|00|00|000
00201310220004|0100|普通成人单程票|20141015|900|0|||00001786|00183520|20131022|50|21|0|29|000|00|00|00000000|000|00|00|000
01201310180010|0100|普通成人单程票|20141007|1000|0||||20|20131018|30|30|0|0|001|00|00|00000000|000|00|00|000
03201310180012|0100|普通成人单程票|20141015|5000|0||||20|20131018|30|29|1|0|002|00|00|00000000|000|00|00|000
02201310120022|0100|普通成人单程票|20151007|400|0||||20|20131012|300|9|0|291|002|00|00|00000000|000|00|00|000
02201310120021|0100|普通成人单程票|20151007|400|0||||20|20131012|300|12|0|288|002|00|00|00000000|000|00|00|000
02201310120021|0100|普通成人单程票|20151007|400|0||||20|20131012|300|12|0|288|002|00|00|00000000|000|00|00|000
02201310120021|0100|普通成人单程票|20151007|400|0||||20|20131012|300|12|0|288|002|00|00|00000000|000|00|00|000
02201310120021|0100|普通成人单程票|20151007|400|0||||20|20131012|300|12|0|288|002|00|00|00000000|000|00|00|000
02201310120021|0100|普通成人单程票|20151007|400|0||||20|20131012|300|12|0|288|002|00|00|00000000|000|00|00|000
01201310220010|0100|普通成人单程票|20161017|1000|0||||20|20131022|50|9|0|41|002|00|00|00000000|000|00|00|000
01201310230002|0100|普通成人单程票|20131030|3000|0||||20|20131023|20|20|0|0|002|02|01|00000000|000|00|01|000|0|1|1
01201310230006|0100|普通成人单程票|20131030|3000|0||||20|20131023|30|30|0|0|000|02|03|00000000|000|00|00|000|0|1|1
01201310230008|0100|普通成人单程票|20131028|3000|0||||20|20131023|10|10|0|0|000|01|08|00000000|000|00|00|000|0|1|1
00201311060006|0100|普通成人单程票|20131127|3000|0|||00007017|00704620|20131106|30|30|0|0|0|00|00|00000000|000|00|00|000|0|1|0
