00	00201309220006	0200	0000000000	00009000000010000010	00000000001234567890	210F68B0000000      	20130922183650	1200	20130923	1234567890123456	00	00	00000000	000	00	00	000
00	00201309220006	0200	0000000000	00009000000010000010	00000000001234567890	240F68B0000000      	20130922183653	1200	20130923	1234567890123456	00	00	00000000	000	00	00	000
00	00201309220006	0200	0000000000	00009000000010000010	00000000001234567890	2188E6E0000000      	20130922183659	1200	20130923	1234567890123456	00	00	00000000	000	00	00	000
00	00201309220006	0200	0000000000	00009000000010000010	00000000001234567890	8DF467B0000000      	20130922183702	1200	20130923	1234567890123456	00	00	00000000	000	00	00	000
00	00201309220006	0200	0000000000	00009000000010000010	00000000001234567890	CDEF67B0000000      	20130922183705	1200	20130923	1234567890123456	00	00	00000000	000	00	00	000
00	00201309220006	0200	0000000000	00009000000010000010	00000000001234567890	5D7DE6E0000000      	20130922183708	1200	20130923	1234567890123456	00	00	00000000	000	00	00	000
00	00201309220006	0200	0000000000	00009000000010000010	00000000001234567890	E50468B0000000      	20130922183710	1200	20130923	1234567890123456	00	00	00000000	000	00	00	000
00	00201309220006	0200	0000000000	00009000000010000010	00000000001234567890	8684E6E0000000      	20130922183713	1200	20130923	1234567890123456	00	00	00000000	000	00	00	000
00	00201309220006	0200	0000000000	00009000000010000010	00000000001234567890	570268B0000000      	20130922183716	1200	20130923	1234567890123456	00	00	00000000	000	00	00	000
00	00201309220006	0200	0000000000	00009000000010000010	00000000001234567890	4EEE67B0000000      	20130922183719	1200	20130923	1234567890123456	00	00	00000000	000	00	00	000
