01	01201310150018	0200	0000000000	9000000011000015	9000000011000015	E67FE6E0000000      	20131015171503	000000001100	20150227	0000000000000000	00	00	00000000	000	00	00	000
01	01201310150018	0200	0000000000	9000000011000011	9000000011000011	8684E6E0000000      	20131015171507	000000001100	20150227	0000000000000000	00	00	00000000	000	00	00	000
01	01201310150018	0200	0000000000	9000000011000019	9000000011000019	CDEF67B0000000      	20131015171512	000000001100	20150227	0000000000000000	00	00	00000000	000	00	00	000
01	01201310150018	0200	0000000000	9000000011000017	9000000011000017	6B88E6E0000000      	20131015171516	000000001100	20150227	0000000000000000	00	00	00000000	000	00	00	000
01	01201310150018	0200	0000000000	9000000011000026	9000000011000026	570268B0000000      	20131015171521	000000001100	20150227	0000000000000000	00	00	00000000	000	00	00	000
01	01201310150018	0200	0000000000	9000000011000016	9000000011000016	167DE6E0000000      	20131015171525	000000001100	20150227	0000000000000000	00	00	00000000	000	00	00	000
01	01201310150018	0200	0000000000	9000000011000023	9000000011000023	4EEE67B0000000      	20131015171530	000000001100	20150227	0000000000000000	00	00	00000000	000	00	00	000
01	01201310150018	0200	0000000000	9000000011000025	9000000011000025	D30268B0000000      	20131015171535	000000001100	20150227	0000000000000000	00	00	00000000	000	00	00	000
01	01201310150018	0200	0000000000	9000000011000029	9000000011000029	2289E6E0000000      	20131015171539	000000001100	20150227	0000000000000000	00	00	00000000	000	00	00	000
01	01201310150018	0200	0000000000	9000000011000020	9000000011000020	2188E6E0000000      	20131015171544	000000001100	20150227	0000000000000000	00	00	00000000	000	00	00	000
