00	00201310180009	0100	0000000000	0000000000001688	0000000000001688	04179661232581      	20131018182536	000000003000	20131021	0000000000000000	00	00	00000000	000	00	00	000
00	00201310180009	0100	0000000000	0000000000001686	0000000000001686	048A1EB7500000      	20131018182537	000000003000	20131021	0000000000000000	00	00	00000000	000	00	00	000
00	00201310180009	0100	0000000000	0000000000001687	0000000000001687	041301A8500000      	20131018182537	000000003000	20131021	0000000000000000	00	00	00000000	000	00	00	000
00	00201310180009	0100	0000000000	0000000000001689	0000000000001689	04424CA9500000      	20131018182539	000000003000	20131021	0000000000000000	00	00	00000000	000	00	00	000
00	00201310180009	0100	0000000000	0000000000001690	0000000000001690	0484298D500000      	20131018182540	000000003000	20131021	0000000000000000	00	00	00000000	000	00	00	000
00	00201310180009	0100	0000000000	0000000000001691	0000000000001691	04CBF7A7500000      	20131018182540	000000003000	20131021	0000000000000000	00	00	00000000	000	00	00	000
00	00201310180009	0100	0000000000	0000000000001692	0000000000001692	041401A8500000      	20131018182542	000000003000	20131021	0000000000000000	00	00	00000000	000	00	00	000
00	00201310180009	0100	0000000000	0000000000001694	0000000000001694	04B1DFA8500000      	20131018182543	000000003000	20131021	0000000000000000	00	00	00000000	000	00	00	000
00	00201310180009	0100	0000000000	0000000000001693	0000000000001693	0415EDA7500000      	20131018182543	000000003000	20131021	0000000000000000	00	00	00000000	000	00	00	000
00	00201310180009	0100	0000000000	0000000000001695	0000000000001695	041D9CA7500000      	20131018182546	000000003000	20131021	0000000000000000	00	00	00000000	000	00	00	000
00	00201310180009	0100	0000000000	0000000000001697	0000000000001697	04370E8D500000      	20131018182546	000000003000	20131021	0000000000000000	00	00	00000000	000	00	00	000
00	00201310180009	0100	0000000000	0000000000001696	0000000000001696	0443B6A7500000      	20131018182546	000000003000	20131021	0000000000000000	00	00	00000000	000	00	00	000
00	00201310180009	0100	0000000000	0000000000001698	0000000000001698	04065CA9500000      	20131018182549	000000003000	20131021	0000000000000000	00	00	00000000	000	00	00	000
00	00201310180009	0100	0000000000	0000000000001700	0000000000001700	046B49A8500000      	20131018182549	000000003000	20131021	0000000000000000	00	00	00000000	000	00	00	000
00	00201310180009	0100	0000000000	0000000000001699	0000000000001699	04A2208D500000      	20131018182550	000000003000	20131021	0000000000000000	00	00	00000000	000	00	00	000
00	00201310180009	0100	0000000000	0000000000001701	0000000000001701	04FC1C8D500000      	20131018182600	000000003000	20131021	0000000000000000	00	00	00000000	000	00	00	000
00	00201310180009	0100	0000000000	0000000000001702	0000000000001702	047D788D500000      	20131018182602	000000003000	20131021	0000000000000000	00	00	00000000	000	00	00	000
00	00201310180009	0100	0000000000	0000000000001703	0000000000001703	04D0D9A7500000      	20131018182604	000000003000	20131021	0000000000000000	00	00	00000000	000	00	00	000
00	00201310180009	0100	0000000000	0000000000001704	0000000000001704	04F008A9500000      	20131018182606	000000003000	20131021	0000000000000000	00	00	00000000	000	00	00	000
00	00201310180009	0100	0000000000	0000000000001705	0000000000001705	044F4D8D500000      	20131018182608	000000003000	20131021	0000000000000000	00	00	00000000	000	00	00	000
00	00201310180009	0100	0000000000	0000000000001706	0000000000001706	0483F18C500000      	20131018182610	000000003000	20131021	0000000000000000	00	00	00000000	000	00	00	000
00	00201310180009	0100	0000000000	0000000000001707	0000000000001707	0414F38C500000      	20131018182612	000000003000	20131021	0000000000000000	00	00	00000000	000	00	00	000
00	00201310180009	0100	0000000000	0000000000001708	0000000000001708	0412F48C500000      	20131018182614	000000003000	20131021	0000000000000000	00	00	00000000	000	00	00	000
00	00201310180009	0100	0000000000	0000000000001709	0000000000001709	04C408A9500000      	20131018182626	000000003000	20131021	0000000000000000	00	00	00000000	000	00	00	000
00	00201310180009	0100	0000000000	0000000000001710	0000000000001710	04496C8D500000      	20131018182628	000000003000	20131021	0000000000000000	00	00	00000000	000	00	00	000
00	00201310180009	0100	0000000000	0000000000001711	0000000000001711	042F568D500000      	20131018182633	000000003000	20131021	0000000000000000	00	00	00000000	000	00	00	000
00	00201310180009	0100	0000000000	0000000000001712	0000000000001712	04C57B8A500000      	20131018182636	000000003000	20131021	0000000000000000	00	00	00000000	000	00	00	000
00	00201310180009	0100	0000000000	0000000000001713	0000000000001713	048C5A8D500000      	20131018182638	000000003000	20131021	0000000000000000	00	00	00000000	000	00	00	000
00	00201310180009	0100	0000000000	0000000000001714	0000000000001714	0493A0A7500000      	20131018182640	000000003000	20131021	0000000000000000	00	00	00000000	000	00	00	000
00	00201310180009	0100	0000000000	0000000000001715	0000000000001715	041807A9500000      	20131018182642	000000003000	20131021	0000000000000000	00	00	00000000	000	00	00	000
00	00201310180009	0100	0000000000	0000000000001716	0000000000001716	048B84A7500000      	20131018182644	000000003000	20131021	0000000000000000	00	00	00000000	000	00	00	000
00	00201310180009	0100	0000000000	0000000000001717	0000000000001717	049A1FA9500000      	20131018183444	000000003000	20131021	0000000000000000	00	00	00000000	000	00	00	000
00	00201310180009	0100	0000000000	0000000000001718	0000000000001718	0413708D500000      	20131018183447	000000003000	20131021	0000000000000000	00	00	00000000	000	00	00	000
00	00201310180009	0100	0000000000	0000000000001719	0000000000001719	04733C8D500000      	20131018183452	000000003000	20131021	0000000000000000	00	00	00000000	000	00	00	000
00	00201310180009	0100	0000000000	0000000000001720	0000000000001720	048A708D500000      	20131018183454	000000003000	20131021	0000000000000000	00	00	00000000	000	00	00	000
00	00201310180009	0100	0000000000	0000000000001721	0000000000001721	041752A8500000      	20131018183456	000000003000	20131021	0000000000000000	00	00	00000000	000	00	00	000
00	00201310180009	0100	0000000000	0000000000001722	0000000000001722	04F628A9500000      	20131018183502	000000003000	20131021	0000000000000000	00	00	00000000	000	00	00	000
00	00201310180009	0100	0000000000	0000000000001723	0000000000001723	0432A68A500000      	20131018183504	000000003000	20131021	0000000000000000	00	00	00000000	000	00	00	000
00	00201310180009	0100	0000000000	0000000000001724	0000000000001724	04FB7A8D500000      	20131018183506	000000003000	20131021	0000000000000000	00	00	00000000	000	00	00	000
00	00201310180009	0100	0000000000	0000000000001725	0000000000001725	04E36AA9500000      	20131018183508	000000003000	20131021	0000000000000000	00	00	00000000	000	00	00	000
00	00201310180009	0100	0000000000	0000000000001726	0000000000001726	040707A9500000      	20131018183510	000000003000	20131021	0000000000000000	00	00	00000000	000	00	00	000
00	00201310180009	0100	0000000000	0000000000001727	0000000000001727	04C901A8500000      	20131018183513	000000003000	20131021	0000000000000000	00	00	00000000	000	00	00	000
00	00201310180009	0100	0000000000	0000000000001728	0000000000001728	04F0ED8C500000      	20131018183515	000000003000	20131021	0000000000000000	00	00	00000000	000	00	00	000
00	00201310180009	0100	0000000000	0000000000001729	0000000000001729	0482328D500000      	20131018183517	000000003000	20131021	0000000000000000	00	00	00000000	000	00	00	000
00	00201310180009	0100	0000000000	0000000000001730	0000000000001730	041F50A7500000      	20131018183520	000000003000	20131021	0000000000000000	00	00	00000000	000	00	00	000
00	00201310180009	0100	0000000000	0000000000001731	0000000000001731	04DE08A9500000      	20131018183522	000000003000	20131021	0000000000000000	00	00	00000000	000	00	00	000
00	00201310180009	0100	0000000000	0000000000001732	0000000000001732	042C07A9500000      	20131018183524	000000003000	20131021	0000000000000000	00	00	00000000	000	00	00	000
00	00201310180009	0100	0000000000	0000000000001733	0000000000001733	04D538A9500000      	20131018183526	000000003000	20131021	0000000000000000	00	00	00000000	000	00	00	000
00	00201310180009	0100	0000000000	0000000000001734	0000000000001734	049C218D500000      	20131018183529	000000003000	20131021	0000000000000000	00	00	00000000	000	00	00	000
00	00201310180009	0100	0000000000	0000000000001735	0000000000001735	04534EA7500000      	20131018183531	000000003000	20131021	0000000000000000	00	00	00000000	000	00	00	000
00	00201310180009	0100	0000000000	0000000000001736	0000000000001736	04A0A8A7500000      	20131018183533	000000003000	20131021	0000000000000000	00	00	00000000	000	00	00	000
00	00201310180009	0100	0000000000	0000000000001737	0000000000001737	046EC2A7500000      	20131018183535	000000003000	20131021	0000000000000000	00	00	00000000	000	00	00	000
00	00201310180009	0100	0000000000	0000000000001738	0000000000001738	0481328D500000      	20131018183537	000000003000	20131021	0000000000000000	00	00	00000000	000	00	00	000
00	00201310180009	0100	0000000000	0000000000001739	0000000000001739	04664D8D500000      	20131018183539	000000003000	20131021	0000000000000000	00	00	00000000	000	00	00	000
00	00201310180009	0100	0000000000	0000000000001740	0000000000001740	046866A8500000      	20131018183541	000000003000	20131021	0000000000000000	00	00	00000000	000	00	00	000
00	00201310180009	0100	0000000000	0000000000001741	0000000000001741	0472258D500000      	20131018183544	000000003000	20131021	0000000000000000	00	00	00000000	000	00	00	000
00	00201310180009	0100	0000000000	0000000000001742	0000000000001742	0495288D500000      	20131018183545	000000003000	20131021	0000000000000000	00	00	00000000	000	00	00	000
00	00201310180009	0100	0000000000	0000000000001743	0000000000001743	04CFE2A8500000      	20131018183548	000000003000	20131021	0000000000000000	00	00	00000000	000	00	00	000
00	00201310180009	0100	0000000000	0000000000001744	0000000000001744	04CA748D500000      	20131018183549	000000003000	20131021	0000000000000000	00	00	00000000	000	00	00	000
00	00201310180009	0100	0000000000	0000000000001745	0000000000001745	040DA7A8500000      	20131018183552	000000003000	20131021	0000000000000000	00	00	00000000	000	00	00	000
00	00201310180009	0100	0000000000	0000000000001746	0000000000001746	04A0718D500000      	20131018183554	000000003000	20131021	0000000000000000	00	00	00000000	000	00	00	000
00	00201310180009	0100	0000000000	0000000000001747	0000000000001747	041907A8500000      	20131018183556	000000003000	20131021	0000000000000000	00	00	00000000	000	00	00	000
00	00201310180009	0100	0000000000	0000000000001748	0000000000001748	042707A9500000      	20131018183558	000000003000	20131021	0000000000000000	00	00	00000000	000	00	00	000
00	00201310180009	0100	0000000000	0000000000001749	0000000000001749	0417E8A8500000      	20131018183600	000000003000	20131021	0000000000000000	00	00	00000000	000	00	00	000
00	00201310180009	0100	0000000000	0000000000001750	0000000000001750	04237CA8500000      	20131018183602	000000003000	20131021	0000000000000000	00	00	00000000	000	00	00	000
00	00201310180009	0100	0000000000	0000000000001751	0000000000001751	04AB418D500000      	20131018184101	000000003000	20131021	0000000000000000	00	00	00000000	000	00	00	000
00	00201310180009	0100	0000000000	0000000000001752	0000000000001752	04DC60A7500000      	20131018184101	000000003000	20131021	0000000000000000	00	00	00000000	000	00	00	000
00	00201310180009	0100	0000000000	0000000000001753	0000000000001753	04332B8D500000      	20131018184111	000000003000	20131021	0000000000000000	00	00	00000000	000	00	00	000
00	00201310180009	0100	0000000000	0000000000001754	0000000000001754	044A6D8D500000      	20131018184112	000000003000	20131021	0000000000000000	00	00	00000000	000	00	00	000
00	00201310180009	0100	0000000000	0000000000001755	0000000000001755	041153A8500000      	20131018184113	000000003000	20131021	0000000000000000	00	00	00000000	000	00	00	000
00	00201310180009	0100	0000000000	0000000000001756	0000000000001756	04CB596A831E80      	20131018184114	000000003000	20131021	0000000000000000	00	00	00000000	000	00	00	000
00	00201310180009	0100	0000000000	0000000000001757	0000000000001757	04CC84A7500000      	20131018184115	000000003000	20131021	0000000000000000	00	00	00000000	000	00	00	000
00	00201310180009	0100	0000000000	0000000000001758	0000000000001758	0463548D500000      	20131018184116	000000003000	20131021	0000000000000000	00	00	00000000	000	00	00	000
00	00201310180009	0100	0000000000	0000000000001759	0000000000001759	04E5A3A7500000      	20131018184117	000000003000	20131021	0000000000000000	00	00	00000000	000	00	00	000
00	00201310180009	0100	0000000000	0000000000001760	0000000000001760	04FB428D500000      	20131018184118	000000003000	20131021	0000000000000000	00	00	00000000	000	00	00	000
00	00201310180009	0100	0000000000	0000000000001761	0000000000001761	048A5E8D500000      	20131018184119	000000003000	20131021	0000000000000000	00	00	00000000	000	00	00	000
00	00201310180009	0100	0000000000	0000000000001762	0000000000001762	04C801A8500000      	20131018184120	000000003000	20131021	0000000000000000	00	00	00000000	000	00	00	000
00	00201310180009	0100	0000000000	0000000000001763	0000000000001763	04ADFDA8500000      	20131018184122	000000003000	20131021	0000000000000000	00	00	00000000	000	00	00	000
00	00201310180009	0100	0000000000	0000000000001764	0000000000001764	04A15FA8500000      	20131018184123	000000003000	20131021	0000000000000000	00	00	00000000	000	00	00	000
00	00201310180009	0100	0000000000	0000000000001765	0000000000001765	04EE9EA7500000      	20131018184125	000000003000	20131021	0000000000000000	00	00	00000000	000	00	00	000
00	00201310180009	0100	0000000000	0000000000001766	0000000000001766	049FED8C500000      	20131018184125	000000003000	20131021	0000000000000000	00	00	00000000	000	00	00	000
00	00201310180009	0100	0000000000	0000000000001767	0000000000001767	0454D9A7500000      	20131018184127	000000003000	20131021	0000000000000000	00	00	00000000	000	00	00	000
00	00201310180009	0100	0000000000	0000000000001768	0000000000001768	040E1D8D500000      	20131018184127	000000003000	20131021	0000000000000000	00	00	00000000	000	00	00	000
00	00201310180009	0100	0000000000	0000000000001769	0000000000001769	04BECFA7500000      	20131018184129	000000003000	20131021	0000000000000000	00	00	00000000	000	00	00	000
00	00201310180009	0100	0000000000	0000000000001770	0000000000001770	0477F38C500000      	20131018184130	000000003000	20131021	0000000000000000	00	00	00000000	000	00	00	000
00	00201310180009	0100	0000000000	0000000000001771	0000000000001771	04C613A8500000      	20131018184131	000000003000	20131021	0000000000000000	00	00	00000000	000	00	00	000
00	00201310180009	0100	0000000000	0000000000001772	0000000000001772	04AE6F8D500000      	20131018184132	000000003000	20131021	0000000000000000	00	00	00000000	000	00	00	000
00	00201310180009	0100	0000000000	0000000000001773	0000000000001773	0414168D500000      	20131018184133	000000003000	20131021	0000000000000000	00	00	00000000	000	00	00	000
00	00201310180009	0100	0000000000	0000000000001774	0000000000001774	0452A2A8500000      	20131018184134	000000003000	20131021	0000000000000000	00	00	00000000	000	00	00	000
00	00201310180009	0100	0000000000	0000000000001775	0000000000001775	045A7B8A500000      	20131018184136	000000003000	20131021	0000000000000000	00	00	00000000	000	00	00	000
00	00201310180009	0100	0000000000	0000000000001776	0000000000001776	0410F48C500000      	20131018184136	000000003000	20131021	0000000000000000	00	00	00000000	000	00	00	000
00	00201310180009	0100	0000000000	0000000000001777	0000000000001777	04E6328D500000      	20131018184138	000000003000	20131021	0000000000000000	00	00	00000000	000	00	00	000
00	00201310180009	0100	0000000000	0000000000001778	0000000000001778	047C00A8500000      	20131018184138	000000003000	20131021	0000000000000000	00	00	00000000	000	00	00	000
00	00201310180009	0100	0000000000	0000000000001779	0000000000001779	04AB2C8D500000      	20131018184140	000000003000	20131021	0000000000000000	00	00	00000000	000	00	00	000
00	00201310180009	0100	0000000000	0000000000001780	0000000000001780	04B951A9500000      	20131018184140	000000003000	20131021	0000000000000000	00	00	00000000	000	00	00	000
00	00201310180009	0100	0000000000	0000000000001781	0000000000001781	04D1B0A8500000      	20131018184142	000000003000	20131021	0000000000000000	00	00	00000000	000	00	00	000
00	00201310180009	0100	0000000000	0000000000001782	0000000000001782	04453B8D500000      	20131018184142	000000003000	20131021	0000000000000000	00	00	00000000	000	00	00	000
00	00201310180009	0100	0000000000	0000000000001783	0000000000001783	04223D8D500000      	20131018184144	000000003000	20131021	0000000000000000	00	00	00000000	000	00	00	000
00	00201310180009	0100	0000000000	0000000000001784	0000000000001784	04ED278D500000      	20131018184144	000000003000	20131021	0000000000000000	00	00	00000000	000	00	00	000
00	00201310180009	0100	0000000000	0000000000001785	0000000000001785	04F3668D500000      	20131018184146	000000003000	20131021	0000000000000000	00	00	00000000	000	00	00	000
