03	03201310150021	0200	0000000000	9000000011000020	9000000011000020	2188E6E0000000      	20131015174130	000000005000	20131031	0000000000000000	00	00	00000000	000	00	00	000
03	03201310150021	0200	0000000000	9000000011000016	9000000011000016	167DE6E0000000      	20131015174135	000000005000	20131031	0000000000000000	00	00	00000000	000	00	00	000
03	03201310150021	0200	0000000000	9000000011000011	9000000011000011	8684E6E0000000      	20131015174139	000000005000	20131031	0000000000000000	00	00	00000000	000	00	00	000
03	03201310150021	0200	0000000000	9000000011000029	9000000011000029	2289E6E0000000      	20131015174144	000000005000	20131031	0000000000000000	00	00	00000000	000	00	00	000
03	03201310150021	0200	0000000000	9000000011000026	9000000011000026	570268B0000000      	20131015174148	000000005000	20131031	0000000000000000	00	00	00000000	000	00	00	000
03	03201310150021	0200	0000000000	9000000011000015	9000000011000015	E67FE6E0000000      	20131015174153	000000005000	20131031	0000000000000000	00	00	00000000	000	00	00	000
03	03201310150021	0200	0000000000	9000000011000017	9000000011000017	6B88E6E0000000      	20131015174157	000000005000	20131031	0000000000000000	00	00	00000000	000	00	00	000
03	03201310150021	0200	0000000000	9000000011000025	9000000011000025	D30268B0000000      	20131015174202	000000005000	20131031	0000000000000000	00	00	00000000	000	00	00	000
03	03201310150021	0200	0000000000	9000000011000019	9000000011000019	CDEF67B0000000      	20131015174206	000000005000	20131031	0000000000000000	00	00	00000000	000	00	00	000
03	03201310150021	0200	0000000000	9000000011000023	9000000011000023	4EEE67B0000000      	20131015174211	000000005000	20131031	0000000000000000	00	00	00000000	000	00	00	000
