00	00201309030002	0201		00009000000010000010	00009000000010000010	8DF467B0000000      	2013-09-18 15:04:27	0	20130903	1234567890123456	00	00	00000000	000	00	00	000
00	00201309030002	0201		00009000000010000010	00009000000010000010	D30268B0000000      	2013-09-18 15:04:29	0	20130903	1234567890123457	00	00	00000000	000	00	00	000
00	00201309030002	0201		00009000000010000010	00009000000010000010	C10068B0000000      	2013-09-18 15:04:32	0	20130903	1234567890123458	00	00	00000000	000	00	00	000
00	00201309030002	0201		00009000000010000010	00009000000010000010	4EEE67B0000000      	2013-09-18 15:04:34	0	20130903	1234567890123459	00	00	00000000	000	00	00	000
00	00201309030002	0201		00009000000010000010	00009000000010000010	6B88E6E0000000      	2013-09-18 15:04:36	0	20130903	1234567890123460	00	00	00000000	000	00	00	000
00	00201309030002	0201		00009000000010000010	00009000000010000010	2289E6E0000000      	2013-09-18 15:04:38	0	20130903	1234567890123461	00	00	00000000	000	00	00	000
00	00201309030002	0201		00009000000010000010	00009000000010000010	2188E6E0000000      	2013-09-18 15:04:40	0	20130903	1234567890123462	00	00	00000000	000	00	00	000
00	00201309030002	0201		00009000000010000010	00009000000010000010	570268B0000000      	2013-09-18 15:04:42	0	20130903	1234567890123463	00	00	00000000	000	00	00	000
00	00201309030002	0201		00009000000010000010	00009000000010000010	0B7AE6E0000000      	2013-09-18 15:04:44	0	20130903	1234567890123464	00	00	00000000	000	00	00	000
00	00201309030002	0201		00009000000010000010	00009000000010000010	331B68B0000000      	2013-09-18 15:04:46	0	20130903	1234567890123465	00	00	00000000	000	00	00	000
