00	00201310150009	0201	0000000000	9000000011000029	9000000011000029	2289E6E0000000      	20131015162022	000000000000	20131015	0000000000000000	00	00	00000000	000	00	00	000
00	00201310150009	0201	0000000000	9000000011000016	9000000011000016	167DE6E0000000      	20131015162028	000000000000	20131015	0000000000000000	00	00	00000000	000	00	00	000
00	00201310150009	0201	0000000000	9000000011000019	9000000011000019	CDEF67B0000000      	20131015162035	000000000000	20131015	0000000000000000	00	00	00000000	000	00	00	000
00	00201310150009	0201	0000000000	9000000011000015	9000000011000015	E67FE6E0000000      	20131015162041	000000000000	20131015	0000000000000000	00	00	00000000	000	00	00	000
00	00201310150009	0201	0000000000	9000000011000025	9000000011000025	D30268B0000000      	20131015162048	000000000000	20131015	0000000000000000	00	00	00000000	000	00	00	000
00	00201310150009	0201	0000000000	9000000011000026	9000000011000026	570268B0000000      	20131015162054	000000000000	20131015	0000000000000000	00	00	00000000	000	00	00	000
00	00201310150009	0201	0000000000	9000000011000011	9000000011000011	8684E6E0000000      	20131015162101	000000000000	20131015	0000000000000000	00	00	00000000	000	00	00	000
00	00201310150009	0201	0000000000	9000000011000020	9000000011000020	2188E6E0000000      	20131015162107	000000000000	20131015	0000000000000000	00	00	00000000	000	00	00	000
00	00201310150009	0201	0000000000	9000000011000023	9000000011000023	4EEE67B0000000      	20131015162114	000000000000	20131015	0000000000000000	00	00	00000000	000	00	00	000
00	00201310150009	0201	0000000000	9000000011000017	9000000011000017	6B88E6E0000000      	20131015162255	000000000000	20131015	0000000000000000	00	00	00000000	000	00	00	000
