03	03201310160008	0200	0000000000	9000000011000027	9000000011000027	5D7DE6E0000000      	20131016154916	000000000800	20131016	0000000000000000	00	00	00000000	000	00	00	000
03	03201310160008	0200	0000000000	9000000011000019	9000000011000019	CDEF67B0000000      	20131016154921	000000000800	20131016	0000000000000000	00	00	00000000	000	00	00	000
03	03201310160008	0200	0000000000	9000000011000015	9000000011000015	E67FE6E0000000      	20131016154926	000000000800	20131016	0000000000000000	00	00	00000000	000	00	00	000
03	03201310160008	0200	0000000000	9000000011000029	9000000011000029	2289E6E0000000      	20131016154934	000000000800	20131016	0000000000000000	00	00	00000000	000	00	00	000
03	03201310160008	0200	0000000000	9000000011000025	9000000011000025	D30268B0000000      	20131016154939	000000000800	20131016	0000000000000000	00	00	00000000	000	00	00	000
03	03201310160008	0200	0000000000	9000000011000026	9000000011000026	570268B0000000      	20131016154943	000000000800	20131016	0000000000000000	00	00	00000000	000	00	00	000
03	03201310160008	0200	0000000000	9000000010000010	9000000010000010	240F68B0000000      	20131016154953	000000000800	20131016	0000000000000000	00	00	00000000	000	00	00	000
03	03201310160008	0200	0000000000	9000000010000010	9000000010000010	F41968B0000000      	20131016154958	000000000800	20131016	0000000000000000	00	00	00000000	000	00	00	000
03	03201310160008	0200	0000000000	9000000011000020	9000000011000020	2188E6E0000000      	20131016155002	000000000800	20131016	0000000000000000	00	00	00000000	000	00	00	000
03	03201310160008	0200	0000000000	9000000011000011	9000000011000011	8684E6E0000000      	20131016155010	000000000800	20131016	0000000000000000	00	00	00000000	000	00	00	000
03	03201310160008	0200	0000000000	9000000010000010	9000000010000010	8DF467B0000000      	20131016155014	000000000800	20131016	0000000000000000	00	00	00000000	000	00	00	000
03	03201310160008	0200	0000000000	9000000011000017	9000000011000017	6B88E6E0000000      	20131016155019	000000000800	20131016	0000000000000000	00	00	00000000	000	00	00	000
03	03201310160008	0200	0000000000	9000000011000023	9000000011000023	4EEE67B0000000      	20131016155023	000000000800	20131016	0000000000000000	00	00	00000000	000	00	00	000
