00	00201310220004	0100	0000000000	0000000000001786	0000000000001786	041EEFA7500000      	20131022104319	000000000900	20141015	0000000000000000	00	00	00000000	000	00	00	000
00	00201310220004	0100	0000000000	0000000000001787	0000000000001787	04223D8D500000      	20131022104319	000000000900	20141015	0000000000000000	00	00	00000000	000	00	00	000
00	00201310220004	0100	0000000000	0000000000001788	0000000000001788	04237CA8500000      	20131022104320	000000000900	20141015	0000000000000000	00	00	00000000	000	00	00	000
00	00201310220004	0100	0000000000	0000000000001789	0000000000001789	046D058D500000      	20131022104321	000000000900	20141015	0000000000000000	00	00	00000000	000	00	00	000
00	00201310220004	0100	0000000000	0000000000001790	0000000000001790	041153A8500000      	20131022104322	000000000900	20141015	0000000000000000	00	00	00000000	000	00	00	000
00	00201310220004	0100	0000000000	0000000000001791	0000000000001791	04EBBF8A500000      	20131022104322	000000000900	20141015	0000000000000000	00	00	00000000	000	00	00	000
00	00201310220004	0100	0000000000	0000000000001792	0000000000001792	04534EA7500000      	20131022104324	000000000900	20141015	0000000000000000	00	00	00000000	000	00	00	000
00	00201310220004	0100	0000000000	0000000000001793	0000000000001793	049C218D500000      	20131022104324	000000000900	20141015	0000000000000000	00	00	00000000	000	00	00	000
00	00201310220004	0100	0000000000	0000000000001794	0000000000001794	04855A8D500000      	20131022104324	000000000900	20141015	0000000000000000	00	00	00000000	000	00	00	000
00	00201310220004	0100	0000000000	0000000000001795	0000000000001795	04E5A3A7500000      	20131022104326	000000000900	20141015	0000000000000000	00	00	00000000	000	00	00	000
00	00201310220004	0100	0000000000	0000000000001796	0000000000001796	043C06A8500000      	20131022104327	000000000900	20141015	0000000000000000	00	00	00000000	000	00	00	000
00	00201310220004	0100	0000000000	0000000000001797	0000000000001797	04EFC38A500000      	20131022104327	000000000900	20141015	0000000000000000	00	00	00000000	000	00	00	000
00	00201310220004	0100	0000000000	0000000000001798	0000000000001798	0449408D500000      	20131022104329	000000000900	20141015	0000000000000000	00	00	00000000	000	00	00	000
00	00201310220004	0100	0000000000	0000000000001799	0000000000001799	0426B3A7500000      	20131022104329	000000000900	20141015	0000000000000000	00	00	00000000	000	00	00	000
00	00201310220004	0100	0000000000	0000000000001800	0000000000001800	0414168D500000      	20131022104330	000000000900	20141015	0000000000000000	00	00	00000000	000	00	00	000
00	00201310220004	0100	0000000000	0000000000001801	0000000000001801	04B33E8D500000      	20131022104331	000000000900	20141015	0000000000000000	00	00	00000000	000	00	00	000
00	00201310220004	0100	0000000000	0000000000001802	0000000000001802	04E063A9500000      	20131022104332	000000000900	20141015	0000000000000000	00	00	00000000	000	00	00	000
00	00201310220004	0100	0000000000	0000000000001803	0000000000001803	040DA7A8500000      	20131022104332	000000000900	20141015	0000000000000000	00	00	00000000	000	00	00	000
00	00201310220004	0100	0000000000	0000000000001804	0000000000001804	04ADFDA8500000      	20131022104334	000000000900	20141015	0000000000000000	00	00	00000000	000	00	00	000
00	00201310220004	0100	0000000000	0000000000001805	0000000000001805	04BA01A8500000      	20131022104334	000000000900	20141015	0000000000000000	00	00	00000000	000	00	00	000
00	00201310220004	0100	0000000000	0000000000001806	0000000000001806	04496C8D500000      	20131022104335	000000000900	20141015	0000000000000000	00	00	00000000	000	00	00	000
