01	01201310120015	0100	0000000000	0000000000001535	0000000000001535	0438D98A500000      	20131022185952	000000000200	20161005	0000000000000000	01	07	00000000	000	00	07	000
01	01201310120015	0100	0000000000	0000000000001282	0000000000001282	04D5558D500000      	20131022185952	000000000200	20161005	0000000000000000	01	07	00000000	000	00	07	000
01	01201310120015	0100	0000000000	0000000000001715	0000000000001715	041807A9500000      	20131022185953	000000000200	20161005	0000000000000000	01	07	00000000	000	00	07	000
01	01201310120015	0100	0000000000	0000000000001555	0000000000001555	049B5DA8500000      	20131022185955	000000000200	20161005	0000000000000000	01	07	00000000	000	00	07	000
01	01201310120015	0100	0000000000	0000000000001761	0000000000001761	048A5E8D500000      	20131022185955	000000000200	20161005	0000000000000000	01	07	00000000	000	00	07	000
01	01201310120015	0100	0000000000	0000000010000007	0000000010000007	04993F8D500000      	20131022185955	000000000200	20161005	0000000000000000	01	07	00000000	000	00	07	000
01	01201310120015	0100	0000000000	0000000000001717	0000000000001717	049A1FA9500000      	20131023102025	000000000200	20161005	0000000000000000	01	07	00000000	000	00	07	000
01	01201310120015	0100	0000000000	0000000000001700	0000000000001700	046B49A8500000      	20131023102025	000000000200	20161005	0000000000000000	01	07	00000000	000	00	07	000
01	01201310120015	0100	0000000000	0000000000001711	0000000000001711	042F568D500000      	20131023102026	000000000200	20161005	0000000000000000	01	07	00000000	000	00	07	000
01	01201310120015	0100	0000000000	0000000000001093	0000000000001093	04AAA38A500000      	20131023102027	000000000200	20161005	0000000000000000	01	07	00000000	000	00	07	000
01	01201310120015	0100	0000000000	0000000000003557	0000000000003557	041A8EA7500000      	20131023102028	000000000200	20161005	0000000000000000	01	07	00000000	000	00	07	000
01	01201310120015	0100	0000000000	0000000000001304	0000000000001304	0472A28A500000      	20131023102028	000000000200	20161005	0000000000000000	01	07	00000000	000	00	07	000
01	01201310120015	0100	0000000000	0000000000001729	0000000000001729	0482328D500000      	20131023102030	000000000200	20161005	0000000000000000	01	07	00000000	000	00	07	000
01	01201310120015	0100	0000000000	0000000000001265	0000000000001265	04641FA9500000      	20131023102030	000000000200	20161005	0000000000000000	01	07	00000000	000	00	07	000
01	01201310120015	0100	0000000000	0000000000001690	0000000000001690	0484298D500000      	20131023102031	000000000200	20161005	0000000000000000	01	07	00000000	000	00	07	000
01	01201310120015	0100	0000000000	0000000000001237	0000000000001237	04B706A8500000      	20131023111233	000000000200	20161005	0000000000000000	01	07	00000000	000	00	07	000
01	01201310120015	0100	0000000000	0000000000001153	0000000000001153	041755A7500000      	20131023111234	000000000200	20161005	0000000000000000	01	07	00000000	000	00	07	000
01	01201310120015	0100	0000000000	0000000000001122	0000000000001122	0445DD8A500000      	20131023111234	000000000200	20161005	0000000000000000	01	07	00000000	000	00	07	000
01	01201310120015	0100	0000000000	0000000000001422	0000000000001422	040F74A7500000      	20131023111236	000000000200	20161005	0000000000000000	01	07	00000000	000	00	07	000
01	01201310120015	0100	0000000000	0000000000001372	0000000000001372	043C518D500000      	20131023111236	000000000200	20161005	0000000000000000	01	07	00000000	000	00	07	000
01	01201310120015	0100	0000000000	0000000000001772	0000000000001772	04AE6F8D500000      	20131023111237	000000000200	20161005	0000000000000000	01	07	00000000	000	00	07	000
01	01201310120015	0100	0000000000	0000000000001691	0000000000001691	04CBF7A7500000      	20131023111259	000000000200	20161005	0000000000000000	01	07	00000000	000	00	07	000
01	01201310120015	0100	0000000000	0000000000001694	0000000000001694	04B1DFA8500000      	20131023111300	000000000200	20161005	0000000000000000	01	07	00000000	000	00	07	000
01	01201310120015	0100	0000000000	0000000000001258	0000000000001258	048F9EA8500000      	20131023111300	000000000200	20161005	0000000000000000	01	07	00000000	000	00	07	000
01	01201310120015	0100	0000000000	0000000000001483	0000000000001483	0480328D500000      	20131023111302	000000000200	20161005	0000000000000000	01	07	00000000	000	00	07	000
01	01201310120015	0100	0000000000	0000000000001716	0000000000001716	048B84A7500000      	20131023111303	000000000200	20161005	0000000000000000	01	07	00000000	000	00	07	000
01	01201310120015	0100	0000000000	0000000000001748	0000000000001748	042707A9500000      	20131023111303	000000000200	20161005	0000000000000000	01	07	00000000	000	00	07	000
01	01201310120015	0100	0000000000	0000000000001119	0000000000001119	04D5FB8C500000      	20131023111551	000000000200	20161005	0000000000000000	01	07	00000000	000	00	07	000
01	01201310120015	0100	0000000000	0000000000001263	0000000000001263	040709A9500000      	20131023111552	000000000200	20161005	0000000000000000	01	07	00000000	000	00	07	000
01	01201310120015	0100	0000000000	0000000000000909	0000000000000909	0469B6A7500000      	20131023111552	000000000200	20161005	0000000000000000	01	07	00000000	000	00	07	000
01	01201310120015	0100	0000000000	0000000000001181	0000000000001181	040270A7500000      	20131023111554	000000000200	20161005	0000000000000000	01	07	00000000	000	00	07	000
01	01201310120015	0100	0000000000	0000000000001752	0000000000001752	04DC60A7500000      	20131023111555	000000000200	20161005	0000000000000000	01	07	00000000	000	00	07	000
01	01201310120015	0100	0000000000	0000000000001210	0000000000001210	04191E8D500000      	20131023111555	000000000200	20161005	0000000000000000	01	07	00000000	000	00	07	000
01	01201310120015	0100	0000000000	0000000000001756	0000000000001756	04CB596A831E80      	20131023112045	000000000200	20161005	0000000000000000	01	07	00000000	000	00	07	000
01	01201310120015	0100	0000000000	0000000000001766	0000000000001766	049FED8C500000      	20131023112046	000000000200	20161005	0000000000000000	01	07	00000000	000	00	07	000
01	01201310120015	0100	0000000000	0000000000003555	0000000000003555	04C7F28C500000      	20131023112046	000000000200	20161005	0000000000000000	01	07	00000000	000	00	07	000
01	01201310120015	0100	0000000000	0000000000001542	0000000000001542	04AB478D500000      	20131023112048	000000000200	20161005	0000000000000000	01	07	00000000	000	00	07	000
01	01201310120015	0100	0000000000	0000000000001233	0000000000001233	0428158D500000      	20131023112048	000000000200	20161005	0000000000000000	01	07	00000000	000	00	07	000
01	01201310120015	0100	0000000000	0000000000001244	0000000000001244	04E4B58A500000      	20131023112049	000000000200	20161005	0000000000000000	01	07	00000000	000	00	07	000
01	01201310120015	0100	0000000000	0000000000001246	0000000000001246	041EEF8C500000      	20131023113045	000000000200	20161005	0000000000000000	01	07	00000000	000	00	07	000
01	01201310120015	0100	0000000000	0000000000001534	0000000000001534	04B07B8A500000      	20131023113046	000000000200	20161005	0000000000000000	01	07	00000000	000	00	07	000
01	01201310120015	0100	0000000000	0000000000001340	0000000000001340	044459A9500000      	20131023113046	000000000200	20161005	0000000000000000	01	07	00000000	000	00	07	000
01	01201310120015	0100	0000000000	0000000000001252	0000000000001252	04E3DFA8500000      	20131023113048	000000000200	20161005	0000000000000000	01	07	00000000	000	00	07	000
01	01201310120015	0100	0000000000	0000000000001458	0000000000001458	049BA2A8500000      	20131023113048	000000000200	20161005	0000000000000000	01	07	00000000	000	00	07	000
01	01201310120015	0100	0000000000	0000000000003548	0000000000003548	04069B8A500000      	20131023113049	000000000200	20161005	0000000000000000	01	07	00000000	000	00	07	000
01	01201310120015	0100	0000000000	0000000000000932	0000000000000932	04B000A8500000      	20131023113050	000000000200	20161005	0000000000000000	01	07	00000000	000	00	07	000
01	01201310120015	0100	0000000000	0000000000001228	0000000000001228	04D6248D500000      	20131023113051	000000000200	20161005	0000000000000000	01	07	00000000	000	00	07	000
01	01201310120015	0100	0000000000	0000000000003556	0000000000003556	0437278D500000      	20131023113051	000000000200	20161005	0000000000000000	01	07	00000000	000	00	07	000
01	01201310120015	0100	0000000000	0000000000001718	0000000000001718	0413708D500000      	20131023113354	000000000200	20161005	0000000000000000	01	07	00000000	000	00	07	000
01	01201310120015	0100	0000000000	0000000000001291	0000000000001291	04171E8D500000      	20131023113354	000000000200	20161005	0000000000000000	01	07	00000000	000	00	07	000
01	01201310120015	0100	0000000000	0000000000001085	0000000000001085	04C3FE8C500000      	20131023113355	000000000200	20161005	0000000000000000	01	07	00000000	000	00	07	000
01	01201310120015	0100	0000000000	0000000000001776	0000000000001776	0410F48C500000      	20131023113356	000000000200	20161005	0000000000000000	01	07	00000000	000	00	07	000
01	01201310120015	0100	0000000000	0000000000001141	0000000000001141	04D19C59232580      	20131023113357	000000000200	20161005	0000000000000000	01	07	00000000	000	00	07	000
01	01201310120015	0100	0000000000	0000000000001366	0000000000001366	049CBA8A500000      	20131023113359	000000000200	20161005	0000000000000000	01	07	00000000	000	00	07	000
01	01201310120015	0100	0000000000	0000000000003562	0000000000003562	04FD2E8D500000      	20131023113359	000000000200	20161005	0000000000000000	01	07	00000000	000	00	07	000
01	01201310120015	0100	0000000000	0000000000003347	0000000000003347	04FED8A7500000      	20131023113400	000000000200	20161005	0000000000000000	01	07	00000000	000	00	07	000
01	01201310120015	0100	0000000000	0000000000001281	0000000000001281	047CB6A7500000      	20131023113414	000000000200	20161005	0000000000000000	01	07	00000000	000	00	07	000
01	01201310120015	0100	0000000000	0000000000001695	0000000000001695	041D9CA7500000      	20131023113415	000000000200	20161005	0000000000000000	01	07	00000000	000	00	07	000
01	01201310120015	0100	0000000000	0000000000001764	0000000000001764	04A15FA8500000      	20131023113415	000000000200	20161005	0000000000000000	01	07	00000000	000	00	07	000
01	01201310120015	0100	0000000000	0000000000001164	0000000000001164	0445E0A7500000      	20131023113417	000000000200	20161005	0000000000000000	01	07	00000000	000	00	07	000
01	01201310120015	0100	0000000000	0000000000003572	0000000000003572	041CA7A7500000      	20131023113417	000000000200	20161005	0000000000000000	01	07	00000000	000	00	07	000
01	01201310120015	0100	0000000000	0000000000001273	0000000000001273	047240A7500000      	20131023113417	000000000200	20161005	0000000000000000	01	07	00000000	000	00	07	000
01	01201310120015	0100	0000000000	0000000000001240	0000000000001240	0495068D500000      	20131023113419	000000000200	20161005	0000000000000000	01	07	00000000	000	00	07	000
01	01201310120015	0100	0000000000	0000000000001247	0000000000001247	04A71FA9500000      	20131023113419	000000000200	20161005	0000000000000000	01	07	00000000	000	00	07	000
01	01201310120015	0100	0000000000	0000000000001261	0000000000001261	04A1078D500000      	20131023113420	000000000200	20161005	0000000000000000	01	07	00000000	000	00	07	000
01	01201310120015	0100	0000000000	0000000000001780	0000000000001780	04B951A9500000      	20131023113429	000000000200	20161005	0000000000000000	01	07	00000000	000	00	07	000
01	01201310120015	0100	0000000000	0000000000001728	0000000000001728	04F0ED8C500000      	20131023113429	000000000200	20161005	0000000000000000	01	07	00000000	000	00	07	000
01	01201310120015	0100	0000000000	0000000000003550	0000000000003550	04814D8D500000      	20131023113429	000000000200	20161005	0000000000000000	01	07	00000000	000	00	07	000
01	01201310120015	0100	0000000000	0000000000001757	0000000000001757	04CC84A7500000      	20131023113431	000000000200	20161005	0000000000000000	01	07	00000000	000	00	07	000
01	01201310120015	0100	0000000000	0000000000000859	0000000000000859	047A6BA8500000      	20131023113432	000000000200	20161005	0000000000000000	01	07	00000000	000	00	07	000
01	01201310120015	0100	0000000000	0000000010000007	0000000010000007	0435D0A7500000      	20131023113432	000000000200	20161005	0000000000000000	01	07	00000000	000	00	07	000
01	01201310120015	0100	0000000000	0000000000001784	0000000000001784	04ED278D500000      	20131023113434	000000000200	20161005	0000000000000000	01	07	00000000	000	00	07	000
01	01201310120015	0100	0000000000	0000000000001698	0000000000001698	04065CA9500000      	20131023113434	000000000200	20161005	0000000000000000	01	07	00000000	000	00	07	000
01	01201310120015	0100	0000000000	0000000000001174	0000000000001174	04E888A7500000      	20131023113435	000000000200	20161005	0000000000000000	01	07	00000000	000	00	07	000
01	01201310120015	0100	0000000000	0000000000001254	0000000000001254	041FFE8C500000      	20131023113436	000000000200	20161005	0000000000000000	01	07	00000000	000	00	07	000
01	01201310120015	0100	0000000000	0000000000001524	0000000000001524	04386B8D500000      	20131023113437	000000000200	20161005	0000000000000000	01	07	00000000	000	00	07	000
01	01201310120015	0100	0000000000	0000000000001209	0000000000001209	0493098D500000      	20131023113437	000000000200	20161005	0000000000000000	01	07	00000000	000	00	07	000
01	01201310120015	0100	0000000000	0000000000000914	0000000000000914	045B568D500000      	20131023113439	000000000200	20161005	0000000000000000	01	07	00000000	000	00	07	000
01	01201310120015	0100	0000000000	0000000000001270	0000000000001270	04E274A8500000      	20131023113440	000000000200	20161005	0000000000000000	01	07	00000000	000	00	07	000
01	01201310120015	0100	0000000000	0000000000001172	0000000000001172	04BBFEA7500000      	20131023113454	000000000200	20161005	0000000000000000	01	07	00000000	000	00	07	000
01	01201310120015	0100	0000000000	0000000000001306	0000000000001306	049C8DA8500000      	20131023113454	000000000200	20161005	0000000000000000	01	07	00000000	000	00	07	000
01	01201310120015	0100	0000000000	0000000000001775	0000000000001775	045A7B8A500000      	20131023113456	000000000200	20161005	0000000000000000	01	07	00000000	000	00	07	000
01	01201310120015	0100	0000000000	0000000000001193	0000000000001193	049073A9500000      	20131023113457	000000000200	20161005	0000000000000000	01	07	00000000	000	00	07	000
