00	00201310220003	0100	0000000000	0000000000003597	0000000000003597	04D32DA8500000      	20131022104241	000000000000	20151020	0000000000000000	00	00	00000000	000	00	00	000
00	00201310220003	0100	0000000000	0000000000003599	0000000000003599	04330C8D500000      	20131022104242	000000000000	20151020	0000000000000000	00	00	00000000	000	00	00	000
00	00201310220003	0100	0000000000	0000000000003598	0000000000003598	04A5FE8C500000      	20131022104242	000000000000	20151020	0000000000000000	00	00	00000000	000	00	00	000
00	00201310220003	0100	0000000000	0000000000003600	0000000000003600	044E4C8D500000      	20131022104244	000000000000	20151020	0000000000000000	00	00	00000000	000	00	00	000
00	00201310220003	0100	0000000000	0000000000003601	0000000000003601	04332B8D500000      	20131022104244	000000000000	20151020	0000000000000000	00	00	00000000	000	00	00	000
00	00201310220003	0100	0000000000	0000000000003602	0000000000003602	042513A8500000      	20131022104245	000000000000	20151020	0000000000000000	00	00	00000000	000	00	00	000
00	00201310220003	0100	0000000000	0000000000003603	0000000000003603	041F50A7500000      	20131022104246	000000000000	20151020	0000000000000000	00	00	00000000	000	00	00	000
00	00201310220003	0100	0000000000	0000000000003604	0000000000003604	04A2208D500000      	20131022104247	000000000000	20151020	0000000000000000	00	00	00000000	000	00	00	000
00	00201310220003	0100	0000000000	0000000000003605	0000000000003605	042D73A8500000      	20131022104247	000000000000	20151020	0000000000000000	00	00	00000000	000	00	00	000
00	00201310220003	0100	0000000000	0000000000003606	0000000000003606	048348A7500000      	20131022104248	000000000000	20151020	0000000000000000	00	00	00000000	000	00	00	000
00	00201310220003	0100	0000000000	0000000000003607	0000000000003607	04C901A8500000      	20131022104249	000000000000	20151020	0000000000000000	00	00	00000000	000	00	00	000
00	00201310220003	0100	0000000000	0000000000003608	0000000000003608	0452A2A8500000      	20131022104249	000000000000	20151020	0000000000000000	00	00	00000000	000	00	00	000
00	00201310220003	0100	0000000000	0000000000003609	0000000000003609	049583A8500000      	20131022104251	000000000000	20151020	0000000000000000	00	00	00000000	000	00	00	000
00	00201310220003	0100	0000000000	0000000000003610	0000000000003610	040F09A9500000      	20131022104252	000000000000	20151020	0000000000000000	00	00	00000000	000	00	00	000
00	00201310220003	0100	0000000000	0000000000003611	0000000000003611	04DB2F8D500000      	20131022104252	000000000000	20151020	0000000000000000	00	00	00000000	000	00	00	000
00	00201310220003	0100	0000000000	0000000000003612	0000000000003612	04F965A8500000      	20131022104254	000000000000	20151020	0000000000000000	00	00	00000000	000	00	00	000
00	00201310220003	0100	0000000000	0000000000003613	0000000000003613	04C613A8500000      	20131022104254	000000000000	20151020	0000000000000000	00	00	00000000	000	00	00	000
00	00201310220003	0100	0000000000	0000000000003614	0000000000003614	049B72A9500000      	20131022104255	000000000000	20151020	0000000000000000	00	00	00000000	000	00	00	000
